alpha
0.0000000000010227720130688386
0.000000000001022772017326774
0.0000000000010227720216284474
0.0000000000010227720280299786
0.000000000001022772037492436
0.000000000001022772051349844
0.0000000000010227720714581714
0.0000000000010227721003637516
0.0000000000010227721415294394
0.0000000000010227721996090044
0.0000000000010227722807875053
0.0000000000010227723931862149
0.0000000000010227725473483645
0.0000000000010227727567959047
0.0000000000010227730386590798
0.0000000000010227734143638787
0.0000000000010227739103658721
0.0000000000010227745588928042
0.000000000001022775398657333
0.0000000000010227764754875024
0.000000000001022777842807532
0.0000000000010227795618913158
0.0000000000010227817017970272
0.0000000000010227843388980046
0.000000000001022787555912389
0.0000000000010227914403513913
0.0000000000010227960823174768
0.0000000000010228015716198076
0.000000000001022807994197401
0.0000000000010228154279032245
0.0000000000010228239377371794
0.000000000001022833570703351
0.00000000000102284435048594
0.000000000001022856272238249
0.000000000001022869297780125
0.0000000000010228833515693124
0.0000000000010228983177816434
0.0000000000010229140388513072
0.0000000000010229303157521912
0.0000000000010229469102433413
0.0000000000010229635491975027
0.0000000000010229799310054226
0.0000000000010229957339303115
0.0000000000010230106261299435
0.0000000000010230242769475429
0.0000000000010230363689506553
0.0000000000010230466101190208
0.00000000000102305474553032
0.0000000000010230605678976227
0.0000000000010230639263432855
0.0000000000010230647328994002
0.0000000000010230629663373862
0.000000000001023058673098086
0.00000000000102305196526112
0.0000000000010230430156794985
0.0000000000010230320505795427
0.0000000000010230193400587152
0.0000000000010230051870456407
0.000000000001022989915349162
0.0000000000010229738574520451
0.0000000000010229573426861159
0.0000000000010229406863569116
0.000000000001022924180307876
0.000000000001022908085268745
0.0000000000010228926252173118
0.0000000000010228779838383
0.0000000000010228643030291598
0.0000000000010228516833028092
0.0000000000010228401858255617
0.0000000000010228298357974528
0.0000000000010228206268084378
0.000000000001022812525833631
0.000000000001022805478522267
0.0000000000010227994144811427
0.000000000001022794252303247
0.0000000000010227899041405227
0.0000000000010227862796901801
0.0000000000010227832895163433
0.0000000000010227808476764386
0.0000000000010227788736754512
0.0000000000010227772937874766
0.0000000000010227760418334683
0.0000000000010227750594852084
0.0000000000010227742962006338
0.0000000000010227737088774185
0.0000000000010227732613078792
0.0000000000010227729235071514
0.000000000001022772670987577
0.0000000000010227724840132234
0.000000000001022772346880265
0.0000000000010227722472512727
0.0000000000010227721755494038
0.0000000000010227721244295787
0.0000000000010227720883238051
0.0000000000010227720630601157
0.00000000000102277204554663
0.000000000001022772033518737
0.0000000000010227720253339613
0.0000000000010227720198162827
0.0000000000010227720161140945
0.00000000000102277201100859
0.0000000000010227720159673297
0.0000000000010227720264127593
0.0000000000010227720356309154
0.0000000000010227720493186759
0.0000000000010227720695741543
0.000000000001022772099281607
0.0000000000010227721424353088
0.0000000000010227722045520702
0.000000000001022772293129991
0.000000000001022772418266492
0.0000000000010227725933981225
0.0000000000010227728362031514
0.0000000000010227731696685488
0.0000000000010227736233223975
0.0000000000010227742346431162
0.000000000001022775050592405
0.0000000000010227761292672428
0.000000000001022777541573964
0.0000000000010227793728655784
0.0000000000010227817244005202
0.0000000000010227847144920142
0.0000000000010227884791635444
0.0000000000010227931721269175
0.000000000001022798963864863
0.0000000000010228060396182725
0.000000000001022814596079185
0.0000000000010228248366400636
0.0000000000010228369650963022
0.0000000000010228511777875505
0.0000000000010228676542651166
0.0000000000010228865466776704
0.0000000000010229079682366914
0.0000000000010229319811955554
0.0000000000010229585849810594
0.0000000000010229877051403774
0.0000000000010230191839077512
0.000000000001023052773168606
0.0000000000010230881306101505
0.0000000000010231248197200344
0.0000000000010231623141670892
0.0000000000010232000068703054
0.000000000001023237223790012
0.0000000000010232732421930102
0.0000000000010233073128151012
0.000000000001023338685051711
0.0000000000010233666340394115
0.0000000000010233904882889607
0.0000000000010234096564180113
0.0000000000010234236514941727
0.0000000000010234321115956489
0.0000000000010234348153741785
0.0000000000010234316916856563
0.0000000000010234228227052444
0.000000000001023408440331031
0.0000000000010233889160999964
0.0000000000010233647452283871
0.0000000000010233365257372814
0.000000000001023304933883793
0.0000000000010232706973182931
0.000000000001023234567441154
0.0000000000010231972924136443
0.0000000000010231595921524398
0.0000000000010231221364238705
0.0000000000010230855268821159
0.0000000000010230502836196038
0.0000000000010230168364377194
0.0000000000010229855207988508
0.0000000000010229565781195757
0.0000000000010229301598821293
0.0000000000010229063348621594
0.0000000000010228850987121695
0.0000000000010228663850950398
0.0000000000010228500775890449
0.0000000000010228360216859052
0.0000000000010228240362835679
0.000000000001022813924205682
0.000000000001022805481440917
0.0000000000010227985048897552
0.0000000000010227927985454048
0.0000000000010227881781389974
0.0000000000010227844743450739
0.0000000000010227815347104235
0.0000000000010227792244992968
0.0000000000010227774266585524
0.000000000001022776041123011
0.0000000000010227749836340342
0.0000000000010227741842646358
0.0000000000010227735857801273
0.000000000001022773141957325
0.000000000001022772815942587
0.0000000000010227725787241074
0.0000000000010227724077385245
0.0000000000010227722856485804
0.000000000001022772199283213
0.0000000000010227721387587244
0.0000000000010227720967357265
0.0000000000010227720678341867
0.0000000000010227720481370789
0.000000000001022772034838275
0.0000000000010227720258780773
0.000000000001022772015375808
0.0000000000010227720175099256
0.000000000001022772030442067
0.000000000001022772041821927
0.000000000001022772058724108
0.0000000000010227720837371634
0.0000000000010227721204196716
0.0000000000010227721737130186
0.000000000001022772250423327
0.000000000001022772359815283
0.000000000001022772514357959
0.0000000000010227727306492476
0.0000000000010227730305248985
0.0000000000010227734423775972
0.0000000000010227740026861838
0.0000000000010227747577451583
0.000000000001022775765569627
0.0000000000010227770979285915
0.0000000000010227788424232758
0.0000000000010227811045040896
0.000000000001022784009276282
0.0000000000010227877029206794
0.000000000001022792353510704
0.0000000000010227981509809734
0.0000000000010228053060033179
0.000000000001022814047497997
0.0000000000010228246185557274
0.0000000000010228372705664256
0.0000000000010228522554455856
0.000000000001022869815924609
0.0000000000010228901740219072
0.0000000000010229135179293192
0.0000000000010229399877500911
0.0000000000010229696606555492
0.0000000000010230025361955013
0.000000000001023038522644699
0.0000000000010230774253243146
0.0000000000010231189378960198
0.000000000001023162637583125
0.0000000000010232079851494194
0.0000000000010232543302979668
0.0000000000010233009228536018
0.0000000000010233469297940823
0.000000000001023391457811592
0.000000000001023433580698445
0.0000000000010234723704799703
0.0000000000010235069308957611
0.000000000001023536431570195
0.0000000000010235601410742042
0.0000000000010235774570387538
0.0000000000010235879315969329
0.0000000000010235912906498808
0.000000000001023587445795348
0.0000000000010235764982005845
0.0000000000010235587341707665
0.0000000000010235346126992708
0.0000000000010235047457392158
0.0000000000010234698723991628
0.0000000000010234308285713839
0.0000000000010233885137373442
0.000000000001023343856790365
0.0000000000010232977826607182
0.0000000000010232511813960226
0.0000000000010232048810706502
0.000000000001023159625581251
0.000000000001023116058006253
0.000000000001023074709817655
0.000000000001023035995863879
0.0000000000010230002147369463
0.0000000000010229675538471203
0.0000000000010229380983539788
0.000000000001022911843013328
0.000000000001022888705934166
0.000000000001022868543296462
0.000000000001022851164182423
0.0000000000010228363447797415
0.0000000000010228238413892573
0.00000000000102281340184824
0.0000000000010228047751027418
0.0000000000010227977188561513
0.0000000000010227920053133087
0.0000000000010227874251415077
0.000000000001022783789860879
0.0000000000010227809328887514
0.0000000000010227787095013524
0.0000000000010227769959717464
0.000000000001022775688117346
0.000000000001022774699472173
0.000000000001022773959261136
0.0000000000010227734103247327
0.0000000000010227730070890514
0.0000000000010227727136754336
0.000000000001022772502179839
0.0000000000010227723511600544
0.0000000000010227722443285159
0.0000000000010227721694615087
0.0000000000010227721174802952
0.000000000001022772081725224
0.000000000001022772057357974
0.0000000000010227720409034539
0.0000000000010227720298269311
0.0000000000010227720168272603
0.0000000000010227720193040079
0.0000000000010227720350622725
0.0000000000010227720489397506
0.0000000000010227720695379144
0.0000000000010227721000231208
0.0000000000010227721447268616
0.0000000000010227722096766047
0.0000000000010227723031669634
0.0000000000010227724364879727
0.0000000000010227726248407094
0.0000000000010227728884539902
0.000000000001022773253944051
0.0000000000010227737559196854
0.000000000001022774438845694
0.000000000001022775359154048
0.0000000000010227765875649642
0.0000000000010227782115670376
0.0000000000010227803379483252
0.0000000000010227830952615023
0.000000000001022786636022361
0.0000000000010227911384463095
0.000000000001022796807441433
0.0000000000010228038745803915
0.0000000000010228125967255387
0.0000000000010228232530012463
0.0000000000010228361398252914
0.0000000000010228515637545837
0.0000000000010228698320091405
0.0000000000010228912406431488
0.000000000001022916060480692
0.0000000000010229445211391176
0.0000000000010229767936333458
0.0000000000010230129722779199
0.0000000000010230530567692
0.0000000000010230969355298234
0.0000000000010231443714555976
0.0000000000010231949912867269
0.0000000000010232482797570338
0.0000000000010233035795564428
0.0000000000010233600978852696
0.0000000000010234169200710427
0.0000000000010234730303288534
0.000000000001023527339248864
0.0000000000010235787171959187
0.0000000000010236260322754425
0.0000000000010236681911699952
0.000000000001023704180835734
0.0000000000010237331088361227
0.0000000000010237542401042941
0.000000000001023767027992527
0.0000000000010237711377988198
0.0000000000010237664613410252
0.0000000000010237531216945
0.0000000000010237314678013466
0.0000000000010237020592879445
0.0000000000010236656424043784
0.0000000000010236231185415832
0.0000000000010235755071788592
0.0000000000010235239053878358
0.000000000001023469446132315
0.0000000000010234132575548266
0.0000000000010233564252560111
0.0000000000010232999592505868
0.0000000000010232447668840703
0.0000000000010231916325337186
0.0000000000010231412044543724
0.000000000001023093988663719
0.0000000000010230503493875945
0.0000000000010230105152506914
0.000000000001022974590177178
0.000000000001022942567828367
0.000000000001022914348386449
0.0000000000010228897565035706
0.0000000000010228685593847478
0.0000000000010228504841107778
0.000000000001022835233505144
0.0000000000010228225000554658
0.000000000001022811977600007
0.0000000000010228033706469176
0.0000000000010227964013824846
0.0000000000010227908145067181
0.0000000000010227863801458454
0.000000000001022782895128071
0.0000000000010227801829378422
0.0000000000010227780926677496
0.0000000000010227764972430771
0.0000000000010227752911980865
0.0000000000010227743882047892
0.0000000000010227737185400268
0.0000000000010227732266134496
0.0000000000010227728686597514
0.0000000000010227726106390334
0.000000000001022772426394289
0.0000000000010227722960599534
0.0000000000010227722047190589
0.000000000001022772141300681
0.000000000001022772097676179
0.0000000000010227720679470753
0.0000000000010227720478687696
0.000000000001022772034344197
0.00000000000102277201850573
0.0000000000010227720213806022
0.000000000001022772040426551
0.0000000000010227720571896173
0.0000000000010227720820703904
0.0000000000010227721188944409
0.0000000000010227721728961095
0.0000000000010227722513547613
0.0000000000010227723642922775
0.0000000000010227725253470452
0.0000000000010227727528849647
0.0000000000010227730713446425
0.0000000000010227735128833886
0.0000000000010227741193161044
0.000000000001022774944364684
0.0000000000010227760562126137
0.0000000000010227775403080332
0.0000000000010227795023626311
0.0000000000010227820714101716
0.000000000001022785402784313
0.00000000000102278968078192
0.000000000001022795120757952
0.0000000000010228019703330358
0.000000000001022810509356879
0.000000000001022821048255052
0.000000000001022833924372735
0.000000000001022849495972105
0.0000000000010228681335965034
0.0000000000010228902086205238
0.0000000000010229160789578028
0.0000000000010229460720724644
0.0000000000010229804656681827
0.0000000000010230194666704093
0.0000000000010230631893398039
0.000000000001023111633627875
0.000000000001023164665020508
0.0000000000010232219973035258
0.0000000000010232831796919008
0.0000000000010233475897414528
0.0000000000010234144332685171
0.0000000000010234827522475662
0.0000000000010235514412487682
0.0000000000010236192724982506
0.0000000000010236849291009704
0.0000000000010237470453952631
0.0000000000010238042528509442
0.0000000000010238552294524092
0.0000000000010238987501149446
0.0000000000010239337354845441
0.0000000000010239592964034084
0.0000000000010239747714916837
0.000000000001023979755619137
0.0000000000010239741175565235
0.000000000001023958005724671
0.0000000000010239318416911443
0.0000000000010238963018167814
0.0000000000010238522881641297
0.0000000000010238008904239446
0.000000000001023743341104372
0.0000000000010236809665520927
0.0000000000010236151365244954
0.0000000000010235472149583218
0.000000000001023478514349521
0.0000000000010234102558065324
0.0000000000010233435363037193
0.0000000000010232793041440297
0.0000000000010232183430573907
0.0000000000010231612648183503
0.000000000001023108509786935
0.0000000000010230603543927474
0.0000000000010230169243186308
0.0000000000010229782119546304
0.0000000000010229440966857563
0.0000000000010229143665925001
0.0000000000010228887403048117
0.0000000000010228668879422337
0.0000000000010228484502954821
0.0000000000010228330556569765
0.0000000000010228203339370737
0.0000000000010228099279430207
0.0000000000010228015018426184
0.0000000000010227947470137175
0.0000000000010227893855649384
0.0000000000010227851718808794
0.0000000000010227818925674299
0.0000000000010227793651835719
0.0000000000010227774360997728
0.0000000000010227759778082692
0.0000000000010227748859378414
0.0000000000010227740761895124
0.0000000000010227734813518346
0.000000000001022773048507024
0.0000000000010227727364995265
0.0000000000010227725137020044
0.0000000000010227723560922454
0.0000000000010227722456350499
0.0000000000010227721689431878
0.0000000000010227721161871789
0.0000000000010227720802336607
0.0000000000010227720559544637
0.0000000000010227720396028982
0.000000000001022772020459243
0.00000000000102277202375526
0.0000000000010227720465761127
0.0000000000010227720666445807
0.0000000000010227720964358778
0.000000000001022772140529483
0.0000000000010227722051905391
0.0000000000010227722991357273
0.000000000001022772434368049
0.0000000000010227726272207418
0.0000000000010227728996847886
0.0000000000010227732810291264
0.000000000001022773809763441
0.0000000000010227745359642411
0.000000000001022775523971494
0.0000000000010227768554429638
0.0000000000010227786327187464
0.0000000000010227809824065063
0.0000000000010227840590540883
0.0000000000010227880487112276
0.0000000000010227931721241074
0.0000000000010227996872456188
0.000000000001022807890688874
0.0000000000010228181176815048
0.000000000001022830740093793
0.0000000000010228461620607718
0.0000000000010228648128037077
0.0000000000010228871362828785
0.0000000000010229135774963751
0.0000000000010229445653601247
0.0000000000010229804923613768
0.0000000000010230216914340722
0.0000000000010230684107716894
0.0000000000010231207876156046
0.000000000001023178822304885
0.0000000000010232423541216127
0.0000000000010233110406222502
0.0000000000010233843421913043
0.0000000000010234615135162682
0.0000000000010235416034606608
0.0000000000010236234644846153
0.0000000000010237057723102886
0.0000000000010237870559161255
0.000000000001023865737325437
0.0000000000010239401799484914
0.0000000000010240087435842659
0.0000000000010240698436107487
0.0000000000010241220114305242
0.0000000000010241639529830651
0.0000000000010241946020798115
0.0000000000010242131654893273
0.0000000000010242191570997198
0.0000000000010242124191098261
0.000000000001024193128946745
0.0000000000010241617914901122
0.0000000000010241192170739281
0.0000000000010240664866184976
0.0000000000010240049059792836
0.0000000000010239359522250761
0.0000000000010238612149192877
0.0000000000010237823356586312
0.0000000000010237009490554879
0.0000000000010236186280631345
0.0000000000010235368360899094
0.0000000000010234568877582566
0.000000000001023379919507805
0.000000000001023306870545312
0.000000000001023238474003261
0.0000000000010231752575999309
0.000000000001023117552614033
0.0000000000010230655096857363
0.0000000000010230191197381071
0.0000000000010229782382817484
0.0000000000010229426114231094
0.0000000000010229119020489498
0.0000000000010228857149148781
0.0000000000010228636196276136
0.000000000001022845170810403
0.0000000000010228299250212393
0.0000000000010228174542613752
0.000000000001022807356120902
0.0000000000010227992607885011
0.0000000000010227928352705252
0.000000000001022787785241579
0.0000000000010227838549893327
0.000000000001022780825880957
0.0000000000010227785138131266
0.0000000000010227767659812681
0.0000000000010227754573040927
0.0000000000010227744867549173
0.000000000001022773773783536
0.0000000000010227732549701926
0.0000000000010227728809894273
0.0000000000010227726139333028
0.000000000001022772425012511
0.0000000000010227722926105228
0.000000000001022772200679652
0.0000000000010227721374409805
0.0000000000010227720943415166
0.0000000000010227720652374004
0.00000000000102277204563176
0.0000000000010227720227051298
0.0000000000010227720264444278
0.0000000000010227720535450177
0.0000000000010227720773661652
0.0000000000010227721127238492
0.0000000000010227721650558879
0.0000000000010227722417994622
0.0000000000010227723533040359
0.0000000000010227725138133049
0.0000000000010227727427156372
0.0000000000010227730661156812
0.0000000000010227735187565265
0.000000000001022774146352716
0.0000000000010227750083498696
0.0000000000010227761811273263
0.0000000000010227777616227822
0.0000000000010227798713319356
0.0000000000010227826605613604
0.000000000001022786312792696
0.0000000000010227910489116528
0.0000000000010227971310043857
0.0000000000010228048653422102
0.0000000000010228146041048028
0.0000000000010228267453396745
0.0000000000010228417306194574
0.0000000000010228600398529796
0.0000000000010228821827654626
0.0000000000010229086866287367
0.0000000000010229400799911516
0.000000000001022976872360771
0.000000000001023019530053035
0.000000000001023068448731747
0.0000000000010231239235063905
0.0000000000010231861177958108
0.0000000000010232550325052233
0.0000000000010233304773230682
0.0000000000010234120461513996
0.0000000000010234990987277808
0.0000000000010235907504619
0.0000000000010236858722366718
0.0000000000010237831015587432
0.0000000000010238808658609269
0.0000000000010239774180934536
0.0000000000010240708839534754
0.0000000000010241593192933989
0.0000000000010242407754550313
0.000000000001024313369597774
0.0000000000010243753565340463
0.0000000000010244251982943546
0.0000000000010244616275332525
0.0000000000010244837011530435
0.0000000000010244908409442915
0.000000000001024482858804854
0.0000000000010244599649938296
0.0000000000010244227589078902
0.0000000000010243722029506371
0.0000000000010243095810936698
0.0000000000010242364446213999
0.0000000000010241545482775234
0.0000000000010240657804729124
0.0000000000010239720914350554
0.000000000001023875423075404
0.000000000001023777644018625
0.000000000001023680492716022
0.00000000000102358553083213
0.0000000000010234941083332694
0.0000000000010234073408673166
0.0000000000010233260992809268
0.0000000000010232510104105308
0.0000000000010231824677583012
0.000000000001023120650263266
0.0000000000010230655471639806
0.0000000000010230169868654914
0.0000000000010229746678308225
0.000000000001022938189680749
0.0000000000010229070829913057
0.0000000000010228808365897494
0.0000000000010228589214992706
0.0000000000010228408110378157
0.0000000000010228259968579121
0.0000000000010228140009974215
0.0000000000010228043842072563
0.000000000001022796750962222
0.0000000000010227907516629914
0.0000000000010227860825640197
0.0000000000010227824839676525
0.0000000000010227797371819095
0.000000000001022777660691915
0.0000000000010227761059122615
0.0000000000010227749528322562
0.000000000001022774105760985
0.0000000000010227734893570595
0.0000000000010227730450232138
0.0000000000010227727277240447
0.0000000000010227725032572772
0.000000000001022772345941405
0.0000000000010227722367107418
0.0000000000010227721615703826
0.000000000001022772110359773
0.0000000000010227720757766419
0.000000000001022772052487441
0.0000000000010227720252585071
0.0000000000010227720294534599
0.000000000001022772061359685
0.0000000000010227720893779384
0.000000000001022772130975438
0.0000000000010227721925422872
0.0000000000010227722828294953
0.0000000000010227724140135061
0.0000000000010227726028529229
0.0000000000010227728721612078
0.0000000000010227732526534861
0.0000000000010227737852098718
0.000000000001022774523620693
0.0000000000010227755378353796
0.0000000000010227769177285972
0.0000000000010227787773715487
0.0000000000010227812597335333
0.0000000000010227845416919779
0.000000000001022788839170144
0.0000000000010227944121122656
0.0000000000010228015689593116
0.000000000001022810670160735
0.0000000000010228221302115687
0.0000000000010228364176059049
0.0000000000010228540520873644
0.00000000000102287559855492
0.0000000000010229016570363771
0.0000000000010229328482642701
0.0000000000010229697945310216
0.0000000000010230130957887176
0.0000000000010230633012283923
0.0000000000010231208769649424
0.0000000000010231861708400362
0.0000000000010232593757685482
0.000000000001023340493441741
0.000000000001023429300520561
0.0000000000010235253196757584
0.000000000001023627797918797
0.0000000000010237356945801133
0.0000000000010238476810230094
0.0000000000010239621537067535
0.0000000000010240772615711134
0.0000000000010241909478838774
0.0000000000010243010058169237
0.00000000000102440514602204
0.0000000000010245010735601012
0.000000000001024586570739617
0.0000000000010246595817529027
0.0000000000010247182946464428
0.0000000000010247612160718112
0.0000000000010247872344975696
0.0000000000010247956681449505
0.00000000000102478629474688
0.0000000000010247593612980177
0.00000000000102471557322379
0.0000000000010246560635962584
0.0000000000010245823443204541
0.0000000000010244962421985848
0.000000000001024399823698275
0.0000000000010242953127202212
0.0000000000010241850059461283
0.000000000001024071190219022
0.0000000000010239560660250998
0.0000000000010238416804948111
0.0000000000010237298725213233
0.0000000000010236222316622598
0.0000000000010235200715283944
0.0000000000010234244174565173
0.000000000001023336007458266
0.0000000000010232553048138427
0.000000000001023182520180333
0.0000000000010231176408744076
0.0000000000010230604648663611
0.0000000000010230106371464743
0.0000000000010229676863441249
0.0000000000010229310598046814
0.0000000000010229001557204268
0.0000000000010228743513218992
0.0000000000010228530265371423
0.0000000000010228355828746732
0.0000000000010228214576088313
0.0000000000010228101335863846
0.000000000001022801145126367
0.0000000000010227940806127616
0.0000000000010227885824136673
0.0000000000010227843447512618
0.0000000000010227811101269255
0.0000000000010227786648112687
0.0000000000010227768338482624
0.000000000001022775475921166
0.000000000001022774478352235
0.0000000000010227737524233143
0.0000000000010227732291306913
0.00000000000102277285544289
0.0000000000010227725910808115
0.0000000000010227724058022025
0.0000000000010227722771540134
0.0000000000010227721886556932
0.0000000000010227721283393345
0.0000000000010227720876066648
0.0000000000010227720601747857
0.000000000001022772028131236
0.0000000000010227720327793146
0.0000000000010227720700123031
0.000000000001022772102686008
0.0000000000010227721511907886
0.0000000000010227722229867274
0.0000000000010227723282764158
0.0000000000010227724812588976
0.0000000000010227727014815421
0.0000000000010227730155502192
0.0000000000010227734592869973
0.0000000000010227740803739731
0.0000000000010227749415480011
0.000000000001022776124394847
0.0000000000010227777337437386
0.000000000001022779902649373
0.0000000000010227827978745374
0.0000000000010227866257416565
0.0000000000010227916381202987
0.0000000000010227981382401727
0.000000000001022806485912129
0.0000000000010228171016305358
0.0000000000010228304689529937
0.0000000000010228471344553612
0.0000000000010228677045320012
0.0000000000010228928382958188
0.0000000000010229232358898034
0.0000000000010229596216742433
0.0000000000010230027219028707
0.000000000001023053236848067
0.0000000000010231118076574493
0.0000000000010231789786524369
0.0000000000010232551562671214
0.000000000001023340566274784
0.0000000000010234352114191516
0.00000000000102353883194257
0.0000000000010236508717539808
0.000000000001023770453088831
0.0000000000010238963624218325
0.0000000000010240270500567
0.0000000000010241606453025729
0.0000000000010242949883532898
0.000000000001024427679073959
0.0000000000010245561418136082
0.0000000000010246777042548754
0.0000000000010247896872107632
0.0000000000010248895013451328
0.0000000000010249747460276048
0.0000000000010250433050891733
0.0000000000010250934341768348
0.000000000001025123834635478
0.000000000001025133709554047
0.0000000000010251227985739517
0.0000000000010250913893273026
0.0000000000010250403048022477
0.0000000000010249708674127883
0.0000000000010248848419705452
0.000000000001024784361016101
0.00000000000102467183692903
0.0000000000010245498658809334
0.0000000000010244211289725289
0.0000000000010242882957469276
0.0000000000010241539348524666
0.0000000000010240204358311193
0.0000000000010238899450639408
0.0000000000010237643178239294
0.0000000000010236450872377938
0.0000000000010235334499261707
0.000000000001023430267146978
0.000000000001023336079504436
0.0000000000010232511327823676
0.0000000000010231754121216639
0.0000000000010231086817086798
0.0000000000010230505272116417
0.000000000001023000398518516
0.0000000000010229576506685885
0.0000000000010229215813459727
0.000000000001022891463775194
0.0000000000010228665743235762
0.0000000000010228462145420273
0.0000000000010228297277148908
0.0000000000010228165103031318
0.0000000000010228060188313546
0.0000000000010227977729158592
0.000000000001022791355165294
0.0000000000010227864087055475
0.000000000001022782633002672
0.0000000000010227797786035486
0.0000000000010227776413046403
0.0000000000010227760561623029
0.0000000000010227748916599609
0.0000000000010227740442422421
0.0000000000010227734333644389
0.0000000000010227729971252923
0.000000000001022772688508727
0.0000000000010227724722100142
0.0000000000010227723220226228
0.0000000000010227722187041559
0.0000000000010227721482873675
0.0000000000010227721007329926
0.0000000000010227720687021486
0.0000000000010227720313233635
0.0000000000010227720364139158
0.0000000000010227720794808888
0.0000000000010227721172459198
0.0000000000010227721733144738
0.000000000001022772256303128
0.000000000001022772378011058
0.000000000001022772554850623
0.0000000000010227728094192513
0.0000000000010227731724753102
0.0000000000010227736854329754
0.0000000000010227744034141054
0.0000000000010227753989530611
0.0000000000010227767663724543
0.0000000000010227786268733117
0.0000000000010227811342900716
0.0000000000010227844814349425
0.000000000001022788906863662
0.0000000000010227947018036013
0.000000000001022802216875041
0.0000000000010228118681338836
0.0000000000010228241418213182
0.0000000000010228395971194296
0.0000000000010228588661120377
0.000000000001022882650089101
0.000000000001022911711351216
0.0000000000010229468597090785
0.0000000000010229889330474684
0.0000000000010230387715304185
0.0000000000010230971853818614
0.0000000000010231649165617008
0.000000000001023242595177672
0.0000000000010233306919985943
0.0000000000010234294689711384
0.0000000000010235389302092082
0.0000000000010236587762961646
0.0000000000010237883651092591
0.0000000000010239266824458487
0.0000000000010240723256465849
0.000000000001024223503039789
0.000000000001024378051398513
0.0000000000010245334727349285
0.0000000000010246869906664304
0.0000000000010248356253399739
0.0000000000010249762846304941
0.000000000001025105868046055
0.0000000000010252213786703483
0.0000000000010253200376220729
0.0000000000010253993949546754
0.0000000000010254574308431122
0.0000000000010254926412001829
0.0000000000010255041026407236
0.000000000001025491512840951
0.0000000000010254552038403387
0.0000000000010253961274373564
0.0000000000010253158136021207
0.000000000001025216304443682
0.000000000001025100067739117
0.0000000000010249698951604075
0.0000000000010248287910597006
0.0000000000010246798580008392
0.0000000000010245261850753405
0.0000000000010243707444962983
0.0000000000010242163010988944
0.0000000000010240653382414649
0.0000000000010239200023516625
0.0000000000010237820670554744
0.0000000000010236529166008978
0.0000000000010235335472165037
0.0000000000010234245841641342
0.0000000000010233263116472098
0.0000000000010232387123679468
0.0000000000010231615134478425
0.0000000000010230942355256724
0.0000000000010230362421942335
0.0000000000010229867873429512
0.0000000000010229450585288062
0.000000000001022910215020862
0.0000000000010228814197275556
0.0000000000010228578646843585
0.0000000000010228387902023884
0.000000000001022823498099246
0.0000000000010228113596692613
0.000000000001022801819182771
0.00000000000102279439377838
0.0000000000010227886705976543
0.0000000000010227843019555296
0.0000000000010227809992538748
0.00000000000102277852624425
0.0000000000010227766920949828
0.000000000001022775344645237
0.0000000000010227743640812092
0.0000000000010227736572125185
0.0000000000010227731524183006
0.000000000001022772795296228
0.0000000000010227725449996318
0.000000000001022772371202023
0.0000000000010227722516407218
0.00000000000102277217015187
0.0000000000010227721151198332
0.0000000000010227720780536375
0.0000000000010227720348273403
0.000000000001022772040335012
0.0000000000010227720897096659
0.000000000001022772132981853
0.0000000000010227721972223848
0.0000000000010227722923098798
0.0000000000010227724317610864
0.00000000000102277263438596
0.0000000000010227729260757564
0.0000000000010227733420807598
0.0000000000010227739298555944
0.0000000000010227747525700609
0.0000000000010227758933455853
0.0000000000010227774602770999
0.0000000000010227795922622458
0.0000000000010227824656026747
0.000000000001022786301274269
0.000000000001022791372684552
0.0000000000010227980136131114
0.0000000000010228066259257135
0.000000000001022817686495265
0.0000000000010228317526608163
0.0000000000010228494653889858
0.000000000001022871549238218
0.0000000000010228988081404738
0.0000000000010229321160129021
0.0000000000010229724013044087
0.000000000001023020624731067
0.0000000000010230777497298248
0.0000000000010231447055377053
0.0000000000010232223432768516
0.0000000000010233113859994073
0.0000000000010234123742454818
0.0000000000010235256093148109
0.0000000000010236510970445328
0.0000000000010237884953878158
0.0000000000010239370694326154
0.0000000000010240956576480513
0.0000000000010242626530115978
0.0000000000010244360022670799
0.0000000000010246132258276934
0.000000000001024791459867163
0.0000000000010249675208609877
0.0000000000010251379914463364
0.000000000001025299324980339
0.0000000000010254479647130146
0.0000000000010255804722353932
0.000000000001025693658839668
0.000000000001025784712849504
0.000000000001025851315824514
0.000000000001025891740905953
0.0000000000010259049274638418
0.0000000000010258905275075351
0.0000000000010258489209996995
0.0000000000010257811991356582
0.0000000000010256891166184094
0.0000000000010255750158560183
0.0000000000010254417277007624
0.00000000000102529245460592
0.0000000000010251306429677833
0.000000000001024959851750902
0.0000000000010247836243214672
0.0000000000010246053698114147
0.0000000000010244282593133127
0.0000000000010242551409131467
0.0000000000010240884761238176
0.000000000001023930298793001
0.0000000000010237821961463151
0.000000000001023645310387873
0.0000000000010235203583041486
0.0000000000010234076655917132
0.000000000001023307212243248
0.0000000000010232186852115588
0.0000000000010231415347250384
0.0000000000010230750309635585
0.00000000000102301831834884
0.0000000000010229704652596649
0.000000000001022930507653931
0.00000000000102289748567
0.0000000000010228704728460984
0.000000000001022848598069893
0.0000000000010228310607552875
0.0000000000010228171399724168
0.0000000000010228061984671705
0.0000000000010227976825344115
0.0000000000010227911187355207
0.000000000001022786108361806
0.0000000000010227823204607904
0.0000000000010227794841019036
0.000000000001022777380440636
0.00000000000102277583497364
0.0000000000010227747102936938
0.000000000001022773899523596
0.0000000000010227733205227745
0.0000000000010227729108967
0.0000000000010227726237974018
0.0000000000010227724244434402
0.0000000000010227722872993057
0.0000000000010227721938246793
0.0000000000010227721306977973
0.0000000000010227720881803252
0.0000000000010227720386297747
0.0000000000010227720445082109
0.0000000000010227721006255952
0.0000000000010227721497678837
0.0000000000010227722227269715
0.0000000000010227723307197861
0.0000000000010227724891007327
0.0000000000010227727192344595
0.0000000000010227730505290723
0.0000000000010227735230233046
0.0000000000010227741906223119
0.0000000000010227751250806314
0.000000000001022776420817751
0.0000000000010227782006249489
0.0000000000010227806222858917
0.0000000000010227838860777282
0.0000000000010227882430331585
0.00000000000102279400375488
0.0000000000010228015474407516
0.0000000000010228113306483345
0.0000000000010228238951692756
0.0000000000010228398742341794
0.0000000000010228599961138121
0.0000000000010228850840940579
0.000000000001022916051689992
0.0000000000010229538920000887
0.0000000000010229996601678477
0.0000000000010230544481012953
0.0000000000010231193509247086
0.0000000000010231954250452337
0.0000000000010232836382760476
0.000000000001023384813079584
0.0000000000010234995647054345
0.0000000000010236282367193268
0.0000000000010237708370810355
0.0000000000010239269785254738
0.0000000000010240958273699723
0.0000000000010242760650630564
0.0000000000010244658666213713
0.0000000000010246628996553824
0.0000000000010248643468677853
0.000000000001025066953761788
0.000000000001025267101900573
0.0000000000010254609064351001
0.000000000001025644334925674
0.00000000000102581334283984
0.0000000000010259640196443724
0.0000000000010260927382667466
0.0000000000010261963000118325
0.0000000000010262720668514907
0.0000000000010263180734253087
0.0000000000010263331120697676
0.0000000000010263167857167434
0.0000000000010262695253811878
0.0000000000010261925711808114
0.0000000000010260879180331952
0.0000000000010259582294108105
0.000000000001025806724356057
0.0000000000010256370445217702
0.0000000000010254531089074906
0.0000000000010252589643796286
0.00000000000102505863988313
0.0000000000010248560115169252
0.0000000000010246546845081004
0.000000000001024457896636733
0.0000000000010242684460147589
0.0000000000010240886444288727
0.0000000000010239202958527803
0.000000000001023764698334313
0.0000000000010236226663270611
0.0000000000010234945697519503
0.000000000001023380385621379
0.000000000001023279757913487
0.0000000000010231920615875838
0.0000000000010231164670102287
0.000000000001023052001644212
0.0000000000010229976065562331
0.0000000000010229521859840593
0.0000000000010229146489290255
0.000000000001022883942356274
0.0000000000010228590761460856
0.000000000001022839140329811
0.0000000000010228233154738536
0.0000000000010228108772441683
0.0000000000010228011962669278
0.0000000000010227937343932365
0.0000000000010227880384127403
0.0000000000010227837321264624
0.0000000000010227805075606678
0.0000000000010227781159434666
0.0000000000010227763589034687
0.0000000000010227750802379344
0.000000000001022774158449588
0.0000000000010227735001564863
0.0000000000010227730344282194
0.0000000000010227727080033489
0.0000000000010227724813385953
0.0000000000010227723254053222
0.0000000000010227722191217044
0.000000000001022772147344465
0.000000000001022772099001178
0.000000000001022772042700163
0.0000000000010227720488931777
0.000000000001022772112108916
0.0000000000010227721674316675
0.0000000000010227722495654739
0.0000000000010227723711400484
0.0000000000010227725494437622
0.0000000000010227728085279935
0.0000000000010227731815048731
0.0000000000010227737134534886
0.0000000000010227744650684807
0.0000000000010227755171400764
0.0000000000010227769759828041
0.0000000000010227789798577325
0.0000000000010227817064307347
0.0000000000010227853812214733
0.0000000000010227902869060434
0.0000000000010227967732481385
0.0000000000010228052672648031
0.0000000000010228162831050975
0.0000000000010228304309172977
0.0000000000010228484238483086
0.0000000000010228710821131808
0.0000000000010228993329737439
0.0000000000010229342053684363
0.0000000000010229768179427621
0.0000000000010230283593130464
0.0000000000010230900596249735
0.0000000000010231631527888118
0.0000000000010232488292776131
0.00000000000102334817996588
0.0000000000010234621322232357
0.0000000000010235913802294456
0.0000000000010237363123489969
0.0000000000010238969390906069
0.0000000000010240728258918024
0.0000000000010242630353686422
0.0000000000010244660838905672
0.000000000001024679917153377
0.0000000000010249019089348708
0.0000000000010251288862870839
0.0000000000010253571831425805
0.0000000000010255827227349566
0.000000000001025801127400416
0.000000000001026007852433857
0.0000000000010261983387999475
0.0000000000010263681778438235
0.000000000001026513279866862
0.0000000000010266300376224997
0.000000000001026715475618505
0.0000000000010267673765492697
0.0000000000010267843773236611
0.0000000000010267660288240525
0.0000000000010267128157145868
0.0000000000010266261350712455
0.0000000000010265082351482381
0.0000000000010263621180710769
0.000000000001026191412382465
0.0000000000010260002230339797
0.0000000000010257929675270382
0.0000000000010255742073235413
0.0000000000010253484834525297
0.0000000000010251201644008773
0.000000000001024893313093932
0.000000000001024671578089583
0.000000000001024458112247188
0.0000000000010242555202243987
0.0000000000010240658343345968
0.0000000000010238905167557769
0.0000000000010237304847521205
0.0000000000010235861547447695
0.0000000000010234575005061787
0.0000000000010233441206485384
0.0000000000010232453107520418
0.0000000000010231601359511464
0.000000000001023087500432882
0.0000000000010230262110874627
0.0000000000010229750333402782
0.0000000000010229327379984207
0.0000000000010228981386547443
0.0000000000010228701197814418
0.0000000000010228476561501142
0.0000000000010228298245300749
0.000000000001022815808826386
0.0000000000010228048999234947
0.0000000000010227964914852179
0.0000000000010227900728649808
0.0000000000010227852201829345
0.000000000001022781586424846
0.000000000001022778891277902
0.0000000000010227769112179014
0.0000000000010227754702333847
0.0000000000010227744314142182
0.0000000000010227736895342504
0.000000000001022773164662997
0.0000000000010227727967795992
0.0000000000010227725413241825
0.0000000000010227723655811499
0.0000000000010227722457936971
0.000000000001022772164896454
0.0000000000010227721104097274
0.000000000001022772047001227
0.0000000000010227720534301222
0.0000000000010227721240194437
0.0000000000010227721857541468
0.000000000001022772277405779
0.0000000000010227724130711832
0.0000000000010227726120418086
0.0000000000010227729011619306
0.0000000000010227733173826678
0.0000000000010227739110156037
0.0000000000010227747497976873
0.0000000000010227759238990934
0.000000000001022777551975297
0.0000000000010227797883421491
0.0000000000010227828312990594
0.0000000000010227869325602906
0.0000000000010227924076453835
0.0000000000010227996469618503
0.000000000001022809127162824
0.0000000000010228214221699398
0.000000000001022837213090536
0.0000000000010228572960338784
0.0000000000010228825866648292
0.0000000000010229141201991272
0.000000000001022953045422713
0.000000000001023000611352059
0.0000000000010230581452304251
0.0000000000010231270207954668
0.0000000000010232086161552783
0.0000000000010233042611132688
0.0000000000010234151744966549
0.0000000000010235423928147542
0.0000000000010236866924706928
0.0000000000010238485086473
0.000000000001024027854841376
0.000000000001024224247741258
0.00000000000102443664264931
0.0000000000010246633848634211
0.0000000000010249021822474983
0.0000000000010251501036713323
0.0000000000010254036069673111
0.0000000000010256585986307288
0.0000000000010259105257282755
0.000000000001026154498438881
0.0000000000010263854395226741
0.0000000000010265982549218578
0.0000000000010267880178525843
0.0000000000010269501572691058
0.0000000000010270806407240627
0.0000000000010271761413948367
0.000000000001027234179575295
0.0000000000010272532301691895
0.0000000000010272327896285448
0.000000000001027173398184068
0.0000000000010270766159968008
0.0000000000010269449547039287
0.000000000001026781768602338
0.0000000000010265911121016033
0.0000000000010263775719688572
0.000000000001026146084100586
0.0000000000010259017450371131
0.0000000000010256496282077678
0.0000000000010253946139492741
0.0000000000010251412409029987
0.0000000000010248935845016326
0.0000000000010246551661862074
0.0000000000010244288948407934
0.0000000000010242170399253699
0.0000000000010240212340197884
0.000000000001023842501082106
0.0000000000010236813057231563
0.0000000000010235376182477145
0.0000000000010234109900501568
0.0000000000010233006341808999
0.000000000001023205506404727
0.0000000000010231243828125263
0.000000000001023055930885406
0.000000000001022998771835827
0.0000000000010229515329097463
0.00000000000102291288914337
0.0000000000010228815947364493
0.0000000000010228565047277305
0.0000000000010228365880571271
0.0000000000010228209333078113
0.0000000000010228087485271254
0.000000000001022799356536784
0.0000000000010227921870243962
0.0000000000010227867665708733
0.0000000000010227827076035429
0.0000000000010227796970391097
0.000000000001022777485219819
0.000000000001022775875550176
0.0000000000010227747151090205
0.0000000000010227738863606495
0.0000000000010227733000224906
0.0000000000010227728890520188
0.0000000000010227726036731528
0.000000000001022772407340923
0.0000000000010227722735185448
0.0000000000010227721831409425
0.0000000000010227721222716577
0.0000000000010227720514806372
0.0000000000010227720580565195
0.0000000000010227721361889966
0.0000000000010227722044718286
0.0000000000010227723058475878
0.0000000000010227724559088125
0.0000000000010227726759957783
0.0000000000010227729958033008
0.0000000000010227734562087992
0.000000000001022774112869223
0.0000000000010227750407205893
0.000000000001022776339515012
0.0000000000010227781405237082
0.0000000000010227806144693569
0.0000000000010227839807405445
0.0000000000010227885178276818
0.0000000000010227945748178942
0.0000000000010228025836665582
0.0000000000010228130717623318
0.0000000000010228266741368638
0.0000000000010228441444398826
0.0000000000010228663635985809
0.0000000000010228943448759772
0.0000000000010229292338739344
0.0000000000010229723019416756
0.0000000000010230249314343763
0.000000000001023088591397147
0.0000000000010231648024772195
0.0000000000010232550903401293
0.00000000000102336092741589
0.0000000000010234836635601435
0.000000000001023624447128201
0.0000000000010237841388871733
0.0000000000010239632222265905
0.000000000001024161714062844
0.0000000000010243790816164875
0.0000000000010246141708337695
0.0000000000010248651524233624
0.000000000001025129491329375
0.0000000000010254039448123646
0.0000000000010256845931909244
0.0000000000010259669057477323
0.000000000001026245842316442
0.000000000001026515988840103
0.00000000000102677172280711
0.0000000000010270074021785724
0.0000000000010272175693279284
0.0000000000010273971599139715
0.0000000000010275417056023508
0.0000000000010276475192889952
0.0000000000010277118520671481
0.0000000000010277330125076549
0.000000000001027710440974143
0.0000000000010276447343638327
0.000000000001027537619724393
0.0000000000010273918783931674
0.000000000001027211225371332
0.0000000000010270001512886586
0.0000000000010267637364406746
0.0000000000010265074476893556
0.0000000000010262369295753112
0.0000000000010259578007198286
0.0000000000010256754655320394
0.0000000000010253949496498435
0.0000000000010251207654306549
0.000000000001024856811502396
0.000000000001024606308017407
0.0000000000010243717670112993
0.000000000001024154995320045
0.0000000000010239571259526182
0.0000000000010237786727130596
0.0000000000010236196022525174
0.0000000000010234794175646062
0.0000000000010233572471878331
0.0000000000010232519349333044
0.0000000000010231621257927079
0.00000000000102308634458679
0.0000000000010230230649621608
0.0000000000010229707672737864
0.000000000001022927984792618
0.0000000000010228933384275474
0.0000000000010228655607117061
0.0000000000010228435102606368
0.0000000000010228261781225127
0.0000000000010228126875872517
0.0000000000010228022889924917
0.0000000000010227943509696813
0.0000000000010227883494101465
0.0000000000010227838552360414
0.0000000000010227805218304332
0.0000000000010227780727914505
0.000000000001022776290459628
0.0000000000010227750055248614
0.000000000001022774087854481
0.0000000000010227734385952906
0.0000000000010227729835167958
0.0000000000010227726675047452
0.0000000000010227724500950398
0.0000000000010227723019040878
0.0000000000010227722018207925
0.0000000000010227721344133072
0.0000000000010227720560780331
0.0000000000010227720626926215
0.0000000000010227721484163101
0.0000000000010227722232817792
0.0000000000010227723344297203
0.0000000000010227724989586454
0.0000000000010227727402674101
0.0000000000010227730909181985
0.0000000000010227735957333545
0.0000000000010227743157430044
0.0000000000010227753331196472
0.0000000000010227767572519239
0.0000000000010227787320899555
0.0000000000010227814448540987
0.0000000000010227851361357889
0.0000000000010227901113460653
0.0000000000010227967533265777
0.0000000000010228055358099468
0.0000000000010228170372044944
0.0000000000010228319539964921
0.0000000000010228511127896653
0.0000000000010228754798216804
0.000000000001022906166520747
0.0000000000010229444295288462
0.0000000000010229916634960668
0.0000000000010230493849392738
0.0000000000010231192055937991
0.0000000000010232027939686474
0.000000000001023301824279821
0.0000000000010234179125822052
0.0000000000010235525407421115
0.000000000001023706969877471
0.0000000000010238821459192912
0.000000000001024078601098312
0.0000000000010242963561492771
0.0000000000010245348289327792
0.000000000001024792755781162
0.000000000001025068132142625
0.0000000000010253581788906423
0.000000000001025659340012431
0.0000000000010259673161162238
0.0000000000010262771365461754
0.0000000000010265832706818572
0.0000000000010268797765761004
0.0000000000010271604824692278
0.0000000000010274191941669459
0.000000000001027649918994332
0.0000000000010278470952531312
0.0000000000010280058149944298
0.000000000001028122027632394
0.000000000001028192712537417
0.000000000001028216010243642
0.0000000000010281913042376758
0.0000000000010281192482427346
0.0000000000010280017372883048
0.000000000001027841824384847
0.0000000000010276435879678974
0.0000000000010274119582362582
0.0000000000010271525128021598
0.000000000001026871253542415
0.000000000001026574377130447
0.0000000000010262680514225518
0.0000000000010259582087153952
0.0000000000010256503651117216
0.000000000001025349472930408
0.0000000000010250598105407579
0.0000000000010247849114099636
0.000000000001024527531688786
0.0000000000010242896535261383
0.0000000000010240725195938825
0.0000000000010238766931041133
0.0000000000010237021369333599
0.0000000000010235483052740838
0.000000000001023414241531771
0.0000000000010232986767817702
0.0000000000010232001240216131
0.0000000000010231169644583823
0.0000000000010230475231955127
0.000000000001022990132726155
0.0000000000010229431836258375
0.000000000001022905162637093
0.0000000000010228746789844633
0.0000000000010228504802309823
0.000000000001022831459250212
0.0000000000010228166540128474
0.0000000000010228052418905546
0.0000000000010227965300518859
0.0000000000010227899433602837
0.000000000001022785010953003
0.0000000000010227813524527672
0.0000000000010227786645310294
0.0000000000010227767083217533
0.0000000000010227752980147822
0.0000000000010227742907927376
0.0000000000010227735781652306
0.000000000001022773078663458
0.0000000000010227727317989873
0.0000000000010227724931599176
0.0000000000010227723304965055
0.0000000000010227722206378499
0.0000000000010227721466449384
0.0000000000010227720607193732
0.000000000001022772067257012
0.0000000000010227721604830375
0.0000000000010227722418461053
0.000000000001022772362639812
0.000000000001022772541449206
0.000000000001022772803707443
0.0000000000010227731848032944
0.0000000000010227737334577772
0.000000000001022774516005869
0.0000000000010227756217630443
0.0000000000010227771696336686
0.0000000000010227793160893314
0.0000000000010227822646397219
0.0000000000010227862768171048
0.0000000000010227916846156088
0.0000000000010227989042146478
0.000000000001022808450606171
0.0000000000010228209525946792
0.000000000001022837167364644
0.0000000000010228579935899523
0.0000000000010228844817829145
0.0000000000010229178403551573
0.0000000000010229594356647344
0.000000000001023010784202475
0.000000000001023073535073293
0.0000000000010231494410546154
0.0000000000010232403168337367
0.000000000001023347983523884
0.0000000000010234741992511502
0.0000000000010236205765282638
0.0000000000010237884881460464
0.0000000000010239789644943858
0.0000000000010241925864146594
0.0000000000010244293788078162
0.0000000000010246887111687794
0.0000000000010249692119328627
0.0000000000010252687037444033
0.0000000000010255841666231653
0.0000000000010259117352113871
0.0000000000010262467349899658
0.00000000000102658376048533
0.0000000000010269167961462045
0.000000000001027239377893912
0.0000000000010275447905283191
0.000000000001027826293357275
0.0000000000010280773639750628
0.000000000001028291948113549
0.000000000001028464702296326
0.0000000000010285912157014998
0.0000000000010286681982713047
0.000000000001028693623765553
0.0000000000010286668189853935
0.000000000001028588493594003
0.0000000000010284607086797369
0.0000000000010282867860268982
0.0000000000010280711637412273
0.0000000000010278192070887122
0.0000000000010275369859143309
0.0000000000010272310316236062
0.0000000000010269080873175564
0.0000000000010265748643539055
0.0000000000010262378173393897
0.000000000001025902947589548
0.0000000000010255756426031184
0.0000000000010252605563030738
0.000000000001024961531959124
0.0000000000010246815670530484
0.0000000000010244228170016823
0.0000000000010241866328168923
0.0000000000010239736264744375
0.0000000000010237837570357964
0.0000000000010236164303736516
0.0000000000010234706056638634
0.0000000000010233449024795492
0.0000000000010232377032863388
0.0000000000010231472472796101
0.0000000000010230717126858848
0.0000000000010230092858016648
0.0000000000010229582161136307
0.0000000000010229168577084913
0.000000000001022883697888998
0.0000000000010228573744163114
0.000000000001022836683088969
0.0000000000010228205775122828
0.0000000000010228081629078028
0.0000000000010227986856656063
0.000000000001022791520185266
0.0000000000010227861542834863
0.0000000000010227821741951588
0.000000000001022779249961075
0.0000000000010227771217391334
0.0000000000010227755874012457
0.0000000000010227744915827186
0.0000000000010227737162617583
0.0000000000010227731728081042
0.000000000001022772795417329
0.0000000000010227725357730092
0.0000000000010227723587898759
0.0000000000010227722392581407
0.0000000000010227721587503171
0.000000000001022772065325953
0.000000000001022772071658353
0.0000000000010227721721565686
0.0000000000010227722598043458
0.0000000000010227723899296361
0.0000000000010227725825550888
0.0000000000010227728650812726
0.0000000000010227732756346327
0.0000000000010227738667056456
0.0000000000010227747097644824
0.0000000000010227759010425439
0.0000000000010227775686493792
0.000000000001022779881177236
0.000000000001022783057904637
0.0000000000010227873806287125
0.0000000000010227932070830048
0.0000000000010228009857144573
0.0000000000010228112714625386
0.0000000000010228247419205752
0.0000000000010228422130432484
0.0000000000010228646532881193
0.0000000000010228931947761072
0.0000000000010229291398424633
0.0000000000010229739611077027
0.0000000000010230292930833418
0.0000000000010230969133201898
0.0000000000010231787112559712
0.0000000000010232766432440647
0.0000000000010233926727907757
0.0000000000010235286957911144
0.0000000000010236864515036853
0.0000000000010238674211408794
0.0000000000010240727172067407
0.0000000000010243029679808962
0.0000000000010245582027899354
0.0000000000010248377446989406
0.0000000000010251401180421435
0.0000000000010254629784690764
0.0000000000010258030730254543
0.0000000000010261562369402265
0.0000000000010265174324221348
0.0000000000010268808327385057
0.0000000000010272399523460298
0.000000000001027587820933378
0.0000000000010279171962223985
0.0000000000010282208073031123
0.0000000000010284916176492966
0.0000000000010287230947787282
0.0000000000010289094722424
0.0000000000010290459892208974
0.0000000000010291290937431371
0.000000000001029156597283216
0.000000000001029127771221548
0.0000000000010290433791595413
0.0000000000010289056430565218
0.0000000000010287181453145671
0.0000000000010284856729184908
0.0000000000010282140132119125
0.0000000000010279097136045115
0.0000000000010275798192377668
0.0000000000010272316033163478
0.0000000000010268723044142134
0.0000000000010265088837411049
0.0000000000010261478131768256
0.0000000000010257949022037826
0.0000000000010254551688558373
0.0000000000010251327567223252
0.0000000000010248308971872225
0.0000000000010245519135678383
0.0000000000010242972618292698
0.000000000001024067601151498
0.0000000000010238628868411612
0.0000000000010236824778891264
0.0000000000010235252517980496
0.0000000000010233897200391771
0.0000000000010232741385479743
0.0000000000010231766088687792
0.0000000000010230951668617557
0.0000000000010230278571210758
0.000000000001022972792381183
0.000000000001022928198150801
0.000000000001022892443556147
0.0000000000010228640599243262
0.000000000001022841748954878
0.0000000000010228243824737537
0.0000000000010228109957576977
0.000000000001022800776276877
0.000000000001022793049508118
0.0000000000010227872632046274
0.0000000000010227829712307865
0.0000000000010227798178061323
0.0000000000010227775227513838
0.0000000000010227758681127535
0.0000000000010227746863601392
0.000000000001022773850226283
0.000000000001022773264139481
0.0000000000010227728571369084
0.0000000000010227725771158337
0.0000000000010227723862404956
0.0000000000010227722573241399
0.0000000000010227721704956679
0.0000000000010227720698073281
0.0000000000010227720758053145
0.0000000000010227721831927404
0.0000000000010227722767823183
0.000000000001022772415731641
0.0000000000010227726214206413
0.0000000000010227729231110904
0.000000000001022773361519592
0.0000000000010227739927033491
0.000000000001022774892987427
0.0000000000010227761651452331
0.0000000000010227779459954688
0.0000000000010227804155978835
0.0000000000010227838081456455
0.000000000001022788424612461
0.0000000000010227946470819528
0.0000000000010228029545375519
0.0000000000010228139397169475
0.0000000000010228283263848906
0.0000000000010228469861193805
0.0000000000010228709534228287
0.0000000000010229014376643802
0.0000000000010229398300910073
0.0000000000010229877039270003
0.0000000000010230468054290876
0.000000000001023119033788141
0.0000000000010232064078785104
0.0000000000010233110182584465
0.0000000000010234349633697803
0.0000000000010235802697008864
0.0000000000010237487967180358
0.0000000000010239421285437041
0.0000000000010241614557293793
0.0000000000010244074518236663
0.0000000000010246801507281602
0.0000000000010249788319539096
0.0000000000010253019216801235
0.0000000000010256469178246753
0.0000000000010260103471639157
0.0000000000010263877616611748
0.0000000000010267737796609923
0.0000000000010271621755042798
0.0000000000010275460183846773
0.0000000000010279178582219708
0.000000000001028269953030342
0.0000000000010285945290462945
0.0000000000010288840619869417
0.0000000000010291315655261552
0.0000000000010293308716420885
0.0000000000010294768870871488
0.0000000000010295658109751287
0.0000000000010295953003588046
0.00000000000102956457360741
0.0000000000010294744450983886
0.000000000001029327289073758
0.0000000000010291269349028856
0.0000000000010288785003188413
0.0000000000010285881728912332
0.0000000000010282629529078591
0.000000000001027910372698386
0.0000000000010275382081592024
0.0000000000010271541977938587
0.0000000000010267657831520486
0.0000000000010263798822376688
0.0000000000010260027045629464
0.0000000000010256396132876828
0.0000000000010252950366304551
0.0000000000010249724276312024
0.0000000000010246742686974924
0.0000000000010244021152273643
0.0000000000010241566711053136
0.0000000000010239378880593265
0.000000000001023745080644043
0.00000000000102357704896387
0.0000000000010234322020615248
0.0000000000010233086759788881
0.0000000000010232044418351244
0.000000000001023117400602412
0.0000000000010230454626088544
0.0000000000010229866110132108
0.000000000001022938949489101
0.0000000000010229007351794319
0.0000000000010228703985543445
0.0000000000010228465521401592
0.0000000000010228279902596305
0.0000000000010228136819004443
0.000000000001022802758688412
0.0000000000010227944997309039
0.0000000000010227883148061286
0.0000000000010227837270949712
0.0000000000010227803563377631
0.0000000000010227779030760573
0.0000000000010227761343520878
0.000000000001022774871101742
0.0000000000010227739772932585
0.0000000000010227733507705482
0.0000000000010227729156823629
0.0000000000010227726163344214
0.0000000000010227724122815489
0.0000000000010227722744634948
0.00000000000102277218163918
0.0000000000010227720740744789
0.0000000000010227720796039991
0.000000000001022772193347194
0.0000000000010227722924061447
0.0000000000010227724394752777
0.000000000001022772657188512
0.000000000001022772976518506
0.0000000000010227734405680683
0.0000000000010227741086752062
0.000000000001022775061638551
0.0000000000010227764082526083
0.0000000000010227782933596564
0.000000000001022780907576626
0.0000000000010227844988351396
0.000000000001022789385771015
0.0000000000010227959728956836
0.0000000000010228047673217406
0.0000000000010228163966082485
0.0000000000010228316270563645
0.0000000000010228513814920564
0.0000000000010228767552778414
0.0000000000010229090289657516
0.000000000001022949675748321
0.0000000000010230003615750772
0.0000000000010230629357226982
0.0000000000010231394095275922
0.0000000000010232319212302302
0.0000000000010233426851752637
0.000000000001023473924299294
0.0000000000010236277856325932
0.0000000000010238062396460265
0.0000000000010240109655755215
0.000000000001024243226218854
0.000000000001024503737192129
0.000000000001024792536995079
0.0000000000010251088653889715
0.0000000000010254510584700444
0.0000000000010258164691267631
0.000000000001026201421408415
0.0000000000010266012063774749
0.0000000000010270101255032766
0.0000000000010274215853342386
0.0000000000010278282443839534
0.000000000001028222209893783
0.0000000000010285952786333034
0.0000000000010289392125213573
0.0000000000010292460367380556
0.000000000001029508345588245
0.0000000000010297195998355903
0.0000000000010298743987804917
0.000000000001029968711163826
0.0000000000010300000509239564
0.000000000001029967586987883
0.0000000000010298721801941508
0.0000000000010297163450482665
0.0000000000010295041386957802
0.000000000001029240984087239
0.0000000000010289334382176893
0.0000000000010285889194595723
0.0000000000010282154099363058
0.0000000000010278211496533134
0.0000000000010274143386616948
0.0000000000010270028619581206
0.0000000000010265940493848348
0.000000000001026194479713477
0.0000000000010258098346673587
0.0000000000010254448051709936
0.000000000001025103048842242
0.0000000000010247871949207034
0.0000000000010244988905778533
0.00000000000102423888097416
0.0000000000010240071145631544
0.000000000001023802864925849
0.0000000000010236248607834344
0.0000000000010234714166983937
0.000000000001023340558121447
0.0000000000010232301358549968
0.0000000000010231379264323184
0.0000000000010230617163138227
0.0000000000010229993691102091
0.0000000000010229488760832907
0.000000000001022908391049785
0.0000000000010228762514106994
0.0000000000010228509874040388
0.0000000000010228313218275355
0.000000000001022816162490594
0.0000000000010228045894756935
0.000000000001022795839089768
0.000000000001022789286058555
0.0000000000010227844252344113
0.0000000000010227808537638756
0.0000000000010227782543849915
0.0000000000010227763802902568
0.0000000000010227750417636412
0.0000000000010227740946811883
0.0000000000010227734308066
0.000000000001022772969772466
0.0000000000010227726525700728
0.0000000000010227724363423964
0.000000000001022772290299748
0.000000000001022772191937231
0.0000000000010227720780325852
0.00000000000102277208296894
0.0000000000010227722023863894
0.0000000000010227723063139684
0.0000000000010227724606134542
0.000000000001022772689031739
0.000000000001022773024069703
0.0000000000010227735109509259
0.0000000000010227742119405291
0.0000000000010227752118188142
0.000000000001022776624747781
0.0000000000010227786027162198
0.0000000000010227813457478288
0.0000000000010227851140190143
0.0000000000010227902419031134
0.0000000000010227971539029516
0.0000000000010228063822010512
0.0000000000010228185853967932
0.0000000000010228345677120899
0.0000000000010228552976654106
0.0000000000010228819248817332
0.0000000000010229157933960273
0.0000000000010229584494809228
0.0000000000010230116418008592
0.000000000001023077311533212
0.0000000000010231575700862152
0.0000000000010232546622267485
0.0000000000010233709128058256
0.000000000001023508655933141
0.0000000000010236701463195884
0.000000000001023857453664892
0.0000000000010240723422970759
0.0000000000010243161397560012
0.0000000000010245895995232279
0.000000000001024892764567569
0.0000000000010252248395794835
0.0000000000010255840806830673
0.0000000000010259677117537955
0.0000000000010263718763002508
0.0000000000010267916328724278
0.0000000000010272210003706085
0.0000000000010276530572121212
0.0000000000010280800953590386
0.0000000000010284938267738054
0.000000000001028885636211091
0.0000000000010292468706689307
0.0000000000010295691525657965
0.0000000000010298447011536076
0.0000000000010300666450521024
0.0000000000010302293083198764
0.000000000001030328453276429
0.0000000000010303614654118415
0.0000000000010303274689314131
0.0000000000010302273657036003
0.0000000000010300637951551536
0.0000000000010298410176397768
0.0000000000010295647285848804
0.0000000000010292418149204492
0.0000000000010288800684897701
0.0000000000010284878732626592
0.0000000000010280738839158382
0.0000000000010276467129001804
0.0000000000010272146414456684
0.0000000000010267853673857425
0.0000000000010263657994403352
0.0000000000010259619039886002
0.0000000000010255786067051504
0.0000000000010252197480289399
0.0000000000010248880884390626
0.0000000000010245853571654825
0.0000000000010243123363197078
0.00000000000102406897151493
0.0000000000010238544998163082
0.0000000000010236675862663892
0.000000000001023506461107696
0.00000000000102336905107674
0.000000000001023253099566294
0.000000000001023156272005357
0.000000000001023076244249061
0.0000000000010230107731518323
0.0000000000010229577495810205
0.0000000000010229152350667217
0.0000000000010228814838789396
0.0000000000010228549527448053
0.0000000000010228343005651332
0.0000000000010228183804883785
0.0000000000010228062265438294
0.0000000000010227970367909624
0.0000000000010227901546318675
0.000000000001022785049601538
0.0000000000010227812986496074
0.000000000001022778568604535
0.0000000000010227766002750956
0.000000000001022775194424407
0.0000000000010227741996926445
0.0000000000010227735024075844
0.0000000000010227730181651934
0.0000000000010227726849894338
0.0000000000010227724578713353
0.0000000000010227723044709274
0.0000000000010227722011518768
0.0000000000010227720815931665
0.0000000000010227720858160726
0.000000000001022772210092053
0.000000000001022772318171941
0.0000000000010227724786375765
0.0000000000010227727161869524
0.0000000000010227730646211105
0.0000000000010227735709795552
0.0000000000010227743000185307
0.0000000000010227753399224186
0.0000000000010227768094319774
0.0000000000010227788666352628
0.0000000000010227817195897137
0.0000000000010227856389226039
0.0000000000010227909724492723
0.0000000000010227981617420911
0.0000000000010228077603960202
0.0000000000010228204535238958
0.0000000000010228370777424168
0.000000000001022858640607758
0.0000000000010228863381127506
0.0000000000010229215685427347
0.0000000000010229659406377068
0.0000000000010230212737725362
0.0000000000010230895877042518
0.0000000000010231730794251803
0.0000000000010232740848309663
0.000000000001023395023332937
0.0000000000010235383242063256
0.0000000000010237063343872612
0.00000000000102390120861237
0.0000000000010241247842126245
0.0000000000010243784443729965
0.0000000000010246629752847538
0.0000000000010249784241025884
0.0000000000010253239659184925
0.0000000000010256977888654497
0.0000000000010260970068793376
0.0000000000010265176094184664
0.0000000000010269544564756427
0.000000000001027401325485091
0.0000000000010278510143138795
0.0000000000010282955013675715
0.000000000001028726160326205
0.0000000000010291340231871719
0.000000000001029510081545456
0.000000000001029845612676753
0.0000000000010301325142801236
0.0000000000010303636300559587
0.0000000000010305330477784966
0.0000000000010306363523774512
0.000000000001030670818705583
0.0000000000010306355320565897
0.0000000000010305314288737384
0.0000000000010303612550759956
0.0000000000010301294446332575
0.0000000000010298419260132073
0.0000000000010295058684739628
0.0000000000010291293835607488
0.0000000000010287211993145683
0.0000000000010282903255290477
0.0000000000010278457278714077
0.0000000000010273960269804176
0.0000000000010269492359370014
0.0000000000010265125461539214
0.0000000000010260921679217359
0.0000000000010256932281026798
0.0000000000010253197238592024
0.0000000000010249745282193589
0.0000000000010246594408474263
0.0000000000010243752756578219
0.0000000000010241219759838675
0.000000000001023898747761051
0.0000000000010237042016262696
0.0000000000010235364957287191
0.0000000000010233934723633335
0.0000000000010232727830175958
0.0000000000010231719980312016
0.0000000000010230886985843503
0.0000000000010230205501314296
0.0000000000010229653575776424
0.0000000000010229211034204927
0.0000000000010228859707309618
0.0000000000010228583532681654
0.0000000000010228368551937816
0.0000000000010228202828233087
0.0000000000010228076307247934
0.0000000000010227980641815561
0.0000000000010227908997470544
0.0000000000010227855852596645
0.0000000000010227816803542084
0.0000000000010227788382180493
0.0000000000010227767890444108
0.0000000000010227753254317416
0.0000000000010227742898153986
0.0000000000010227735638617496
0.0000000000010227730597028638
0.0000000000010227727128188295
0.0000000000010227724763532167
0.0000000000010227723166366226
0.000000000001022772209062968
0.000000000001022772084670228
0.0000000000010227720880759953
0.0000000000010227722162730516
0.0000000000010227723276869674
0.0000000000010227724931009016
0.0000000000010227727379788785
0.000000000001022773097169232
0.0000000000010227736191639328
0.0000000000010227743707274393
0.0000000000010227754427745384
0.0000000000010227769577270102
0.0000000000010227790785763625
0.0000000000010227820198371657
0.0000000000010227860605401117
0.0000000000010227915593076469
0.0000000000010227989714414376
0.0000000000010228088677592754
0.0000000000010228219547045867
0.0000000000010228390949597149
0.0000000000010228613274968244
0.0000000000010228898856326475
0.0000000000010229262113286032
0.0000000000010229719636268516
0.000000000001023029018854117
0.0000000000010230994600798449
0.000000000001023185553265639
0.0000000000010232897077727775
0.0000000000010234144192731466
0.000000000001023562193831928
0.0000000000010237354528424162
0.0000000000010239364197613799
0.0000000000010241669909870937
0.0000000000010244285948394398
0.0000000000010247220442045681
0.0000000000010250473899916482
0.0000000000010254037838466175
0.0000000000010257893595262777
0.0000000000010262011427784132
0.0000000000010266349992940667
0.0000000000010270856293636105
0.0000000000010275466160569452
0.0000000000010280105312580336
0.0000000000010284691006561045
0.0000000000010289134251343872
0.00000000000102933425206316
0.0000000000010297222861258764
0.0000000000010300685258073594
0.0000000000010303646089089213
0.0000000000010306031486670438
0.0000000000010307780415437777
0.0000000000010308847286197668
0.0000000000010309203947393264
0.0000000000010308840930777807
0.0000000000010307767873050513
0.000000000001030601308673833
0.000000000001030362230751067
0.0000000000010300656696576827
0.0000000000010297190221966068
0.000000000001029330657727924
0.0000000000010289095818805552
0.0000000000010284650910443713
0.0000000000010280064360342117
0.0000000000010275425115585848
0.000000000001027081585333377
0.0000000000010266310771599423
0.0000000000010261973944585286
0.0000000000010257858267538933
0.0000000000010254004979892364
0.0000000000010250443723204364
0.0000000000010247193065349487
0.0000000000010244261404737051
0.0000000000010241648158617152
0.0000000000010239345137153388
0.0000000000010237338009304755
0.000000000001023560777609034
0.000000000001023413217997651
0.00000000000102328869948127
0.0000000000010231847156985412
0.0000000000010230987714360237
0.0000000000010230284583791694
0.0000000000010229715120349178
0.000000000001022925851083152
0.0000000000010228896010888575
0.0000000000010228611049487845
0.0000000000010228389225936675
0.000000000001022821822494766
0.0000000000010228087673271644
0.0000000000010227988958789781
0.0000000000010227915029992305
0.0000000000010227860189764403
0.0000000000010227819894485602
0.0000000000010227790565668688
0.0000000000010227769419363763
0.0000000000010227754315513747
0.0000000000010227743628251046
0.0000000000010227736136515422
0.0000000000010227730933598737
0.0000000000010227727353711886
0.0000000000010227724913311346
0.000000000001022772326497202
0.0000000000010227722154758806
0.0000000000010227720871883883
0.0000000000010227720896901243
0.0000000000010227722207746025
0.000000000001022772334616134
0.0000000000010227725036363808
0.000000000001022772753856205
0.0000000000010227731208866316
0.0000000000010227736542816534
0.0000000000010227744222708612
0.0000000000010227755177629353
0.0000000000010227770658675932
0.000000000001022779233158134
0.0000000000010227822388663567
0.0000000000010227863681653724
0.0000000000010227919875786337
0.0000000000010227995624444886
0.0000000000010228096761791532
0.0000000000010228230508307228
0.0000000000010228405681560288
0.0000000000010228632901256005
0.0000000000010228924773854499
0.0000000000010229296038912163
0.000000000001022976365543376
0.0000000000010230346804187043
0.0000000000010231066780138384
0.0000000000010231946748937764
0.0000000000010233011343468095
0.000000000001023428608064974
0.000000000001023579658557043
0.0000000000010237567620025238
0.000000000001023962192487737
0.0000000000010241978900164147
0.0000000000010244653163477456
0.0000000000010247653043345979
0.0000000000010250979080627606
0.000000000001025462262429873
0.0000000000010258564617743387
0.0000000000010262774676022198
0.0000000000010267210552319195
0.0000000000010271818081526332
0.0000000000010276531671114208
0.000000000001028127538355568
0.0000000000010285964621791604
0.0000000000010290508391786423
0.000000000001029481207585423
0.0000000000010298780610944603
0.0000000000010302321929986692
0.000000000001030535049626423
0.0000000000010307790742237415
0.0000000000010309580219158617
0.0000000000010310672272384105
0.0000000000010311038080074012
0.00000000000103106679291237
0.0000000000010309571647795115
0.0000000000010307778167935936
0.0000000000010305334244318402
0.0000000000010302302411682642
0.0000000000010298758306177124
0.0000000000010294787513451385
0.0000000000010290482128667216
0.0000000000010285937222195179
0.0000000000010281247399276367
0.000000000001027650362382616
0.0000000000010271790447786449
0.0000000000010267183751866493
0.0000000000010262749063566203
0.0000000000010258540478406521
0.0000000000010254600172379673
0.0000000000010250958461387546
0.0000000000010247634337480557
0.0000000000010244636393504187
0.0000000000010241964038269963
0.0000000000010239608901584037
0.0000000000010237556333204908
0.00000000000102357869091522
0.000000000001023427787291088
0.000000000001023300445432338
0.0000000000010231941026272673
0.0000000000010231062075009896
0.0000000000010230342974777864
0.0000000000010229760569960934
0.0000000000010229293577564116
0.0000000000010228922829734732
0.0000000000010228631380707463
0.0000000000010228404503883968
0.0000000000010228229604988746
0.000000000001022809607560059
0.0000000000010227995108173017
0.0000000000010227919491059067
0.000000000001022786339768705
0.0000000000010227822181043297
0.0000000000010227792181200268
0.0000000000010227770550788374
0.0000000000010227755100944225
0.0000000000010227744168716697
0.0000000000010227736505152311
0.000000000001022773118283234
0.0000000000010227727520739806
0.0000000000010227725024265179
0.0000000000010227723338036136
0.0000000000010227722202298414
0.0000000000010227720890828225
0.0000000000010227720906177813
0.000000000001022772223477751
0.0000000000010227723387810308
0.0000000000010227725099704711
0.0000000000010227727634064024
0.00000000000102277313515924
0.0000000000010227736754252597
0.0000000000010227744533172084
0.0000000000010227755629494802
0.0000000000010227771310588794
0.000000000001022779326385774
0.0000000000010227823710184483
0.0000000000010227865538514153
0.0000000000010227922461943942
0.000000000001022799919478417
0.0000000000010228101647638314
0.0000000000010228237135739807
0.0000000000010228414592589498
0.0000000000010228644777726324
0.000000000001022894046392253
0.0000000000010229316585545491
0.000000000001022979032623669
0.000000000001023038112140462
0.0000000000010231110549436284
0.0000000000010232002085225594
0.0000000000010233080691581616
0.0000000000010234372228578483
0.0000000000010235902667619088
0.000000000001023769710734523
0.000000000001023977860070971
0.0000000000010242166817676807
0.000000000001024487658433965
0.0000000000010247916356070528
0.0000000000010251286698555046
0.0000000000010254978864264682
0.0000000000010258973561685794
0.0000000000010263240019290459
0.0000000000010267735443552128
0.0000000000010272404960467438
0.0000000000010277182111587359
0.0000000000010281989949585
0.000000000001028674274513261
0.000000000001029134827896389
0.0000000000010295710652000603
0.0000000000010299733506285717
0.0000000000010303323513244378
0.0000000000010306393956535504
0.0000000000010308868218758178
0.000000000001031068297523807
0.000000000001031179090736688
0.0000000000010312162770813924
0.0000000000010311788690375977
0.0000000000010310678600037652
0.0000000000010308861800300765
0.0000000000010306385660881923
0.000000000001030331355036482
0.0000000000010299722121168542
0.0000000000010295698114589269
0.000000000001029133487356246
0.0000000000010286728759744367
0.0000000000010281975665885952
0.000000000001027716779585198
0.0000000000010272390855919914
0.0000000000010267721764429818
0.0000000000010263226946631732
0.0000000000010258961241010115
0.0000000000010254967404921608
0.0000000000010251276174674392
0.000000000001024790680881025
0.0000000000010244868025179168
0.0000000000010242159232411966
0.0000000000010239771953865967
0.0000000000010237691346783035
0.0000000000010235897728994342
0.0000000000010234368039541547
0.0000000000010233077175535332
0.0000000000010231999164528688
0.000000000001023110814806558
0.0000000000010230379166971577
0.0000000000010229788751498373
0.000000000001022931532934513
0.0000000000010228939471697672
0.0000000000010228644001683757
0.0000000000010228413991539337
0.0000000000010228236674714708
0.0000000000010228101297419466
0.0000000000010227998931296608
0.0000000000010227922265596535
0.000000000001022786539357896
0.0000000000010227823604223846
0.000000000001022779318711075
0.0000000000010227771255524272
0.0000000000010227755590358846
0.0000000000010227744505612146
0.0000000000010227736735025472
0.0000000000010227731338306873
0.0000000000010227727624972174
0.0000000000010227725093536698
0.0000000000010227723383663033
0.0000000000010227722231997563
0.0000000000010227720903081096
0.0000000000010227720908340568
0.0000000000010227722243124214
0.0000000000010227723400721955
0.0000000000010227725119396362
0.0000000000010227727663816903
0.000000000001022773139615714
0.0000000000010227736820413186
0.0000000000010227744630540517
0.0000000000010227755771532243
0.0000000000010227771515967896
0.0000000000010227793558211697
0.0000000000010227824128377952
0.0000000000010227866127405284
0.0000000000010227923283954464
0.000000000001022800033208963
0.0000000000010228103207383355
0.0000000000010228239256079367
0.0000000000010228417449715356
0.0000000000010228648593875267
0.0000000000010228945516296384
0.0000000000010229323215964911
0.0000000000010229798951295548
0.000000000001023039224281244
0.000000000001023112476407911
0.00000000000102320200942727
0.0000000000010233103308143268
0.0000000000010234400382843394
0.0000000000010235937408856735
0.0000000000010237739601689261
0.0000000000010239830123927627
0.0000000000010242228742089854
0.0000000000010244950359250102
0.00000000000102480034812755
0.0000000000010251388690840872
0.000000000001025509721710402
0.0000000000010259109698917433
0.0000000000010263395243824753
0.0000000000010267910882804428
0.0000000000010272601510543872
0.0000000000010277400382657928
0.0000000000010282230215161763
0.0000000000010287004898136901
0.0000000000010291631797308009
0.000000000001029601457631779
0.0000000000010300056432026767
0.0000000000010303663598562693
0.0000000000010306748946925841
0.000000000001030923548817984
0.0000000000010311059582877105
0.0000000000010312173667918266
0.0000000000010312548335644154
0.0000000000010312173635966763
0.000000000001031105951982085
0.0000000000010309235395681353
0.000000000001030674882737941
0.0000000000010303663455001279
0.0000000000010300056267976538
0.0000000000010296014395670652
0.0000000000010291631604162955
0.0000000000010287004696656077
0.0000000000010282230009400693
0.0000000000010277400176455639
0.0000000000010272601307400358
0.0000000000010267910685801934
0.0000000000010263395055568099
0.0000000000010259109521502663
0.000000000001025509705210545
0.0000000000010251388539321882
0.0000000000010248003343829914
0.0000000000010244950236036156
0.000000000001024222863290047
0.0000000000010239830028249064
0.000000000001023773951877056
0.0000000000010235937337773147
0.0000000000010234400322547338
0.0000000000010233103257540735
0.0000000000010232020052240146
0.000000000001023112472952087
0.0000000000010230392214693682
0.0000000000010229798928634878
0.0000000000010229323197886718
0.0000000000010228945502019358
0.0000000000010228648582706275
0.0000000000010228417441062387
0.0000000000010228239249448137
0.0000000000010228103202347023
0.0000000000010228000328294423
0.00000000000102279232811193
0.0000000000010227866125322655
0.0000000000010227824126849189
0.0000000000010227793557112579
0.000000000001022777151517319
0.000000000001022775577096694
0.0000000000010227744630140776
0.0000000000010227736820137064
0.0000000000010227731395967824
0.000000000001022772766368689
0.0000000000010227725119306325
0.0000000000010227723400661586
0.0000000000010227722243087288
0.000000000001022772090829551
0.0000000000010227720903332015
0.000000000001022772223259133
0.0000000000010227723384568535
0.000000000001022772509490482
0.0000000000010227727627030852
0.0000000000010227731341377904
0.0000000000010227736739565936
0.0000000000010227744512258987
0.000000000001022775560000779
0.0000000000010227771269410544
0.000000000001022779320691642
0.000000000001022782363223867
0.0000000000010227865432856873
0.0000000000010227922320167066
0.000000000001022799900645591
0.000000000001022810140002793
0.0000000000010228236813574755
0.000000000001022841417780903
0.0000000000010228644249358796
0.000000000001022893979813064
0.0000000000010229315755819883
0.0000000000010229789303790828
0.0000000000010230379875936753
0.0000000000010231109050182438
0.000000000001023200030236683
0.0000000000010233078598153427
0.0000000000010234369802650529
0.000000000001023589989499994
0.0000000000010237693984500074
0.000000000001023977513798448
0.0000000000010242163042548248
0.0000000000010244872544626483
0.0000000000010247912122828954
0.0000000000010251282368427813
0.0000000000010254974561049792
0.0000000000010258969436849237
0.00000000000102632362512553
0.0000000000010267732235493834
0.0000000000010272402536574683
0.000000000001027718071169961
0.0000000000010281989822333922
0.0000000000010286744139720469
0.0000000000010291351435896924
0.0000000000010295715793141378
0.0000000000010299740824765142
0.0000000000010303333163694015
0.0000000000010306406046337178
0.0000000000010308882800701818
0.0000000000010310700042229495
0.0000000000010311810389520427
0.0000000000010312184535179703
0.00000000000103118125434637
0.0000000000010310704293002465
0.0000000000010308889036617695
0.000000000001030641410607644
0.0000000000010303342843260651
0.0000000000010299751886146108
0.0000000000010295727974065741
0.000000000001029136446016407
0.0000000000010286757727503066
0.0000000000010282003699971783
0.0000000000010277194620500177
0.0000000000010272416240214446
0.0000000000010267745525834144
0.0000000000010263248952383546
0.0000000000010258981407398652
0.000000000001025498569476285
0.000000000001025129259328684
0.0000000000010247921398820876
0.0000000000010244880860603207
0.0000000000010242170412314077
0.0000000000010239781595989203
0.0000000000010237699581419749
0.0000000000010235904693335615
0.000000000001023437387269535
0.0000000000010233082014324694
0.000000000001023200314010434
0.0000000000010231111383346621
0.0000000000010230381774854504
0.0000000000010229790833800628
0.0000000000010229316976345415
0.0000000000010228940762174932
0.0000000000010228645003357537
0.0000000000010228414761793973
0.000000000001022823726150614
0.0000000000010228101740297364
0.0000000000010227999262461611
0.000000000001022792251093918
0.0000000000010227865573671052
0.0000000000010227823735196155
0.0000000000010227793281483694
0.0000000000010227771322909393
0.0000000000010227755638033148
0.0000000000010227744539032903
0.0000000000010227736758241332
0.0000000000010227731354282685
0.0000000000010227727635866442
0.000000000001022772510089931
0.0000000000010227723388595923
0.0000000000010227722235282698
0.0000000000010227720906342076
0.000000000001022772089128596
0.0000000000010227722203421926
0.0000000000010227723339753136
0.000000000001022772502688433
0.0000000000010227727524671761
0.0000000000010227731188700002
0.0000000000010227736513834577
0.0000000000010227744181432814
0.0000000000010227755119423723
0.0000000000010227770577401583
0.0000000000010227792219193354
0.0000000000010227822234814009
0.0000000000010227863473117388
0.0000000000010227919595939784
0.0000000000010227995252725029
0.0000000000010228096273085074
0.0000000000010228229872433157
0.0000000000010228404862883587
0.0000000000010228631858389932
0.0000000000010228923459763403
0.0000000000010229294401236364
0.0000000000010229761637384414
0.0000000000010230344345960454
0.0000000000010231063820992627
0.0000000000010231943230047417
0.0000000000010233007211582323
0.0000000000010234281292522457
0.0000000000010235791113164128
0.000000000001023756145639872
0.0000000000010239615090425655
0.0000000000010241971449149779
0.000000000001024464519027502
0.0000000000010247644688208848
0.0000000000010250970534295397
0.0000000000010254614131104528
0.000000000001025855647664764
0.0000000000010262767239159066
0.000000000001026720422065379
0.000000000001027181329748253
0.000000000001027652890801957
0.000000000001028127513208062
0.0000000000010285967373717826
0.0000000000010290514621702217
0.0000000000010294822221580235
0.0000000000010298795053559589
0.0000000000010302340974652218
0.0000000000010305374354849687
0.0000000000010307819518911056
0.0000000000010309613899933795
0.0000000000010310710719347819
0.0000000000010311081030942043
0.0000000000010310715002076567
0.0000000000010309622351828078
0.0000000000010307831917947892
0.0000000000010305390380283194
0.0000000000010302360220930183
0.0000000000010298817047470611
0.0000000000010294846441685146
0.0000000000010290540518835384
0.0000000000010285994391513938
0.0000000000010281302726427299
0.0000000000010276556564524729
0.0000000000010271840546224545
0.0000000000010267230647746716
0.000000000001026279249480633
0.0000000000010258580279717044
0.0000000000010254636270292788
0.0000000000010250990866333983
0.0000000000010247663133532483
0.0000000000010244661726683525
0.0000000000010241986104060965
0.0000000000010239627932338854
0.0000000000010237572586039
0.0000000000010235800654822184
0.0000000000010234289385964449
0.0000000000010233014004799848
0.0000000000010231948873016495
0.0000000000010231068460599169
0.0000000000010230348122049801
0.0000000000010229764679887712
0.0000000000010229296828318926
0.0000000000010228925376808257
0.0000000000010228633357761215
0.0000000000010228406024165115
0.0000000000010228230763172603
0.0000000000010228096949725263
0.0000000000010227995761810209
0.0000000000010227919975310174
0.0000000000010227863753136697
0.0000000000010227822439550367
0.000000000001022779236748154
0.0000000000010227770683785474
0.000000000001022775519503578
0.0000000000010227744234674256
0.0000000000010227736550966582
0.0000000000010227731214368216
0.000000000001022772754224392
0.0000000000010227725038806416
0.0000000000010227723347768918
0.0000000000010227722208786277
0.000000000001022772089726703
0.0000000000010227720872520378
0.0000000000010227722156386944
0.0000000000010227723267472292
0.0000000000010227724917098062
0.0000000000010227727359414464
0.0000000000010227730942105995
0.0000000000010227736149100054
0.0000000000010227743646709072
0.000000000001022775434233914
0.0000000000010227769458007924
0.0000000000010227790620864225
0.0000000000010227819972611977
0.0000000000010227860299396676
0.0000000000010227915182455321
0.000000000001022798916898109
0.0000000000010228087960505315
0.0000000000010228218614019064
0.0000000000010228389748324686
0.0000000000010228611744747108
0.0000000000010228896928118151
0.000000000001022925971028427
0.0000000000010229716675132204
0.000000000001023028658152457
0.0000000000010230990258779193
0.0000000000010231850369329998
0.0000000000010232891014950876
0.0000000000010234137167066463
0.0000000000010235613908645977
0.0000000000010237345484548231
0.0000000000010239354169482132
0.0000000000010241658977107733
0.0000000000010244274249494974
0.0000000000010247208182812479
0.0000000000010250461360239228
0.0000000000010254025376820291
0.000000000001025788165028769
0.0000000000010262000516103078
0.000000000001026634070283096
0.000000000001027084927414895
0.0000000000010275462106079328
0.000000000001028010494286195
0.0000000000010284695043007053
0.0000000000010289143390114728
0.0000000000010293357403915836
0.000000000001029724404802476
0.0000000000010300713195898634
0.0000000000010303681088730631
0.0000000000010306073700916985
0.000000000001030782982378675
0.0000000000010308903686418099
0.0000000000010309266954777473
0.0000000000010308909985378591
0.0000000000010307842254735514
0.0000000000010306091937355618
0.0000000000010303704659009915
0.0000000000010300741503627377
0.0000000000010297276397309957
0.0000000000010293393027921077
0.0000000000010289181481193467
0.0000000000010284734782887697
0.000000000001028014553126855
0.0000000000010275502786408197
0.0000000000010270889355182792
0.0000000000010266379575737636
0.000000000001026203766631212
0.0000000000010257916664177368
0.0000000000010254057943493523
0.0000000000010250491268888702
0.0000000000010247235316333509
0.00000000000102442985751434
0.0000000000010241680535153374
0.0000000000010239373060644836
0.0000000000010237361856939647
0.0000000000010235627945089383
0.0000000000010234149073125074
0.0000000000010232901008314581
0.0000000000010231858670617907
0.0000000000010230997084055077
0.0000000000010230292136498082
0.0000000000010229721150938805
0.0000000000010229263280746383
0.000000000001022889974828325
0.000000000001022861395047127
0.0000000000010228391456693684
0.0000000000010228219924379193
0.0000000000010228088955907916
0.0000000000010227989917890285
0.0000000000010227915740544157
0.0000000000010227860711332637
0.0000000000010227820273805702
0.000000000001022779083899869
0.0000000000010227769614516302
0.0000000000010227754453574072
0.0000000000010227743725032846
0.00000000000102277362037369
0.000000000001022773097985971
0.000000000001022772738526318
0.0000000000010227724934634842
0.0000000000010227723279260781
0.0000000000010227722164284546
0.000000000001022772088131465
0.0000000000010227720847510828
0.000000000001022772209271673
0.0000000000010227723169569235
0.000000000001022772476839882
0.000000000001022772713552048
0.0000000000010227730607963878
0.0000000000010227735654795691
0.0000000000010227742921878835
0.000000000001022775328881311
0.0000000000010227767940138054
0.0000000000010227788453165457
0.000000000001022781690402794
0.000000000001022785599360702
0.0000000000010227909193621497
0.0000000000010227980912256854
0.0000000000010228076676864267
0.0000000000010228203328971657
0.0000000000010228369224347123
0.0000000000010228584427719929
0.0000000000010228860888237988
0.0000000000010229212578704811
0.0000000000010229655578089294
0.0000000000010230208074407942
0.000000000001023089026348848
0.0000000000010231724118902867
0.0000000000010232733010143856
0.000000000001023394115032887
0.0000000000010235372861109183
0.0000000000010237051651786595
0.0000000000010238999121667876
0.0000000000010241233708241629
0.0000000000010243769319513362
0.0000000000010246613904351621
0.000000000001024976803009567
0.0000000000010253223549264372
0.0000000000010256962446761985
0.0000000000010260955962731104
0.0000000000010265164084350377
0.000000000001026953549006512
0.0000000000010274008012756057
0.000000000001027850966387003
0.0000000000010282960229505523
0.0000000000010287273413835937
0.0000000000010291359467031306
0.0000000000010295128197489599
0.0000000000010298492234022476
0.000000000001030137037679775
0.0000000000010303690858733286
0.0000000000010305394333661878
0.000000000001030643641609904
0.0000000000010306789618790628
0.0000000000010306444568274689
0.0000000000010305410421999796
0.000000000001030371446079372
0.0000000000010301400882304899
0.0000000000010298528871295436
0.0000000000010295170066100016
0.000000000001029140557464243
0.0000000000010287322715297755
0.0000000000010283011665862908
0.0000000000010278562199369534
0.000000000001027406066812611
0.0000000000010269587370608947
0.0000000000010265214401940973
0.0000000000010261004051198688
0.0000000000010257007770587358
0.0000000000010253265705885944
0.0000000000010249806746488565
0.0000000000010246649028781337
0.000000000001024380080947867
0.0000000000010241261615774476
0.0000000000010239023577038178
0.0000000000010237072846677402
0.0000000000010235391032100303
0.0000000000010233956563510632
0.0000000000010232745947258917
0.000000000001023173486554033
0.0000000000010230899099362058
0.0000000000010230215265778245
0.0000000000010229661372401793
0.0000000000010229217200981423
0.000000000001022886453919432
0.0000000000010228587283229417
0.0000000000010228371435986563
0.000000000001022820502534811
0.0000000000010228077965508387
0.0000000000010227981881791953
0.0000000000010227909916115005
0.0000000000010227856526901635
0.0000000000010227817293942793
0.0000000000010227788735563452
0.0000000000010227768142747023
0.000000000001022775343281277
0.000000000001022774302328529
0.0000000000010227735725530723
0.000000000001022773065684886
0.000000000001022772716898502
0.0000000000010227724791095325
0.000000000001022772318482654
0.0000000000010227722102940773
0.0000000000010227720858897424
0.0000000000010227720816891094
0.0000000000010227722014013425
0.0000000000010227723048543508
0.000000000001022772458453771
0.0000000000010227726858667689
0.0000000000010227730194740145
0.0000000000010227735043444545
0.000000000001022774202532429
0.0000000000010227751985536425
0.0000000000010227766062246669
0.0000000000010227785771032703
0.0000000000010227813106823154
0.0000000000010227850664883833
0.0000000000010227901781227054
0.000000000001022797069182616
0.0000000000010228062708174263
0.0000000000010228184404724024
0.0000000000010228343811222554
0.0000000000010228550599813715
0.0000000000010228816253810674
0.0000000000010229154201489064
0.0000000000010229579895438185
0.0000000000010230110815437213
0.0000000000010230766371157558
0.000000000001023156768106087
0.0000000000010232537205496954
0.0000000000010233698215804101
0.0000000000010235074087788208
0.0000000000010236687416572954
0.0000000000010238558961536046
0.0000000000010240706443097019
0.0000000000010243143228110177
0.00000000000102458769558606
0.0000000000010248908171080258
0.0000000000010252229042735026
0.0000000000010255822256410353
0.0000000000010259660171929075
0.00000000000102637043355166
0.0000000000010267905426920374
0.0000000000010272203705390763
0.0000000000010276529994394194
0.0000000000010280807215964416
0.0000000000010284952450449577
0.0000000000010288879461562614
0.0000000000010292501590093113
0.0000000000010295734887363885
0.0000000000010298501333603025
0.0000000000010300731970009564
0.000000000001030236976834554
0.0000000000010303372069977402
0.000000000001030371244677299
0.0000000000010303381868980847
0.0000000000010302389106782906
0.0000000000010300760340272911
0.0000000000010298538002389957
0.0000000000010295778927360756
0.000000000001029255191921612
0.000000000001028893488726483
0.0000000000010285011716600773
0.0000000000010280869049751813
0.000000000001027659315083985
0.0000000000010272267007279433
0.0000000000010267967798621153
0.0000000000010263764829445208
0.0000000000010259717987071936
0.0000000000010255876748738488
0.0000000000010252279728052543
0.0000000000010248954720939376
0.0000000000010245919187620275
0.0000000000010243181090483804
0.0000000000010240739998495238
0.0000000000010238588366447405
0.0000000000010236712901340108
0.00000000000102350959367855
0.0000000000010233716748903956
0.0000000000010232552761424187
0.0000000000010231580603166002
0.0000000000010230776995723089
0.000000000001023011946263871
0.0000000000010229586862774973
0.0000000000010229159759522831
0.00000000000102288206438966
0.0000000000010228554033420806
0.0000000000010228346470607527
0.0000000000010228186444543143
0.0000000000010228064257710377
0.0000000000010227971857649758
0.0000000000010227902649995771
0.0000000000010227851306133718
0.0000000000010227813575682769
0.0000000000010227786110606046
0.0000000000010227766305872467
0.0000000000010227752158694539
0.0000000000010227742147252795
0.000000000001022773512849344
0.0000000000010227730253521467
0.0000000000010227726898902422
0.0000000000010227724611832136
0.0000000000010227723066890445
0.0000000000010227722026304664
0.000000000001022772083058906
0.0000000000010227720781418239
0.000000000001022772192220408
0.0000000000010227722907370788
0.0000000000010227724370058574
0.0000000000010227726535694584
0.0000000000010227729712651654
0.000000000001022773433014626
0.00000000000102277409791986
0.0000000000010227750464724107
0.0000000000010227763870753106
0.0000000000010227782640770558
0.0000000000010227808674868248
0.0000000000010227844444946259
0.0000000000010227893128533436
0.000000000001022795876039967
0.0000000000010228046399828328
0.0000000000010228162309235825
0.0000000000010228314137370094
0.0000000000010228511097606602
0.0000000000010228764128738345
0.0000000000010229086022525145
0.0000000000010229491499281374
0.0000000000010229997210671995
0.0000000000010230621647039114
0.0000000000010231384926781663
0.0000000000010232308446803798
0.000000000001023341437664718
0.0000000000010234724985379408
0.0000000000010236261798190797
0.000000000001023804459111644
0.000000000001024009024467651
0.0000000000010242411491423352
0.0000000000010245015606951372
0.000000000001024790310771018
0.0000000000010251066530817092
0.0000000000010254489379359337
0.0000000000010258145320495693
0.000000000001026199772169526
0.000000000001026599960124427
0.0000000000010270094054004645
0.0000000000010274215190285302
0.0000000000010278289597891412
0.0000000000010282238304276498
0.000000000001028597918129318
0.000000000001028942970047486
0.0000000000010292509916140868
0.0000000000010295145528809704
0.0000000000010297270866234002
0.0000000000010298831614425078
0.0000000000010299787138836204
0.000000000001030011225563083
0.0000000000010299798343591014
0.0000000000010298853727250174
0.0000000000010297303306952915
0.0000000000010295187459213181
0.0000000000010292560276261316
0.0000000000010289487253336923
0.000000000001028604256354946
0.0000000000010282306079811542
0.00000000000102783603114082
0.000000000001027428741816369
0.000000000001027016645001138
0.0000000000010266070935193729
0.000000000001026206690972061
0.0000000000010258211446266905
0.0000000000010254551706049971
0.0000000000010251124504374788
0.0000000000010247956352168722
0.0000000000010245063913138812
0.0000000000010242454800446725
0.0000000000010240128627682188
0.0000000000010238078226908987
0.000000000001023629095010881
0.0000000000010234749978593577
0.0000000000010233435576953786
0.0000000000010232326241589033
0.0000000000010231399708766068
0.0000000000010230633800854844
0.0000000000010230007102552533
0.0000000000010229499469515258
0.0000000000010229092380618173
0.0000000000010228769150773413
0.000000000001022851502548083
0.0000000000010228317179576973
0.0000000000010228164642686877
0.0000000000010228048172418347
0.0000000000010227960094040507
0.0000000000010227894122380449
0.0000000000010227845178517574
0.000000000001022780921122245
0.0000000000010227783029227036
0.0000000000010227764149450921
0.0000000000010227750662809234
0.0000000000010227741118673394
0.0000000000010227734427439564
0.0000000000010227729779886615
0.0000000000010227726581727024
0.000000000001022772440129557
0.0000000000010227722928361013
0.000000000001022772193627477
0.000000000001022772079708297
0.0000000000010227720741937835
0.000000000001022772181951802
0.0000000000010227722749434696
0.000000000001022772413010952
0.0000000000010227726174334439
0.0000000000010227729173231687
0.0000000000010227733531981898
0.0000000000010227739808541201
0.0000000000010227748762785996
0.000000000001022776141812896
0.0000000000010227779137339903
0.0000000000010227803714293273
0.0000000000010227837482766247
0.000000000001022788344275879
0.0000000000010227945403704984
0.0000000000010228028142414438
0.000000000001022813757174478
0.0000000000010228280913605786
0.0000000000010228466867401538
0.0000000000010228705761822469
0.0000000000010229009675365706
0.0000000000010229392507751097
0.0000000000010229869982561061
0.0000000000010230459559737853
0.0000000000010231180236710336
0.0000000000010232052218217165
0.000000000001023309643860808
0.0000000000010234333926009629
0.0000000000010235785005843598
0.0000000000010237468351319826
0.000000000001023939990080391
0.0000000000010241591675015353
0.000000000001024405054098197
0.0000000000010246776982528285
0.0000000000010249763948404667
0.0000000000010252995856881154
0.0000000000010256447839391634
0.0000000000010260085303479488
0.0000000000010263863887235758
0.000000000001026772986230096
0.000000000001027162102133954
0.000000000001027546805909542
0.0000000000010279196425199743
0.0000000000010282728594168281
0.0000000000010285986665774226
0.0000000000010288895179737384
0.0000000000010291384005813174
0.0000000000010293391155749767
0.0000000000010294865359168756
0.000000000001029576825289107
0.000000000001029607605169595
0.000000000001029578059756352
0.0000000000010294889721820191
0.0000000000010293426897458144
0.000000000001029143020348802
0.0000000000010288950665991725
0.0000000000010286050078230341
0.0000000000010282798431157137
0.0000000000010279271104748623
0.0000000000010275545977982888
0.0000000000010271700611076654
0.000000000001026780963952187
0.0000000000010263942496295463
0.0000000000010260161549826326
0.000000000001025652071297283
0.0000000000010253064545406656
0.0000000000010249827840938402
0.000000000001024683566439407
0.000000000001024410378131363
0.0000000000010241639408595414
0.0000000000010239442205765594
0.0000000000010237505424528417
0.0000000000010235817137336873
0.0000000000010234361474032714
0.0000000000010233119806213837
0.0000000000010232071832311786
0.0000000000010231196530073165
0.0000000000010230472956292655
0.0000000000010229880885934536
0.0000000000010229401293016215
0.0000000000010229016683656688
0.0000000000010228711297427601
0.0000000000010228471196962397
0.0000000000010228284266938016
0.0000000000010228140143832932
0.0000000000010228030096291745
0.0000000000010227946873744144
0.0000000000010227884538233684
0.0000000000010227838291362538
0.0000000000010227804305495419
0.000000000001022777956552312
0.0000000000010227761725333448
0.0000000000010227748981130062
0.0000000000010227739962281895
0.0000000000010227733639222234
0.0000000000010227729247342514
0.0000000000010227726225075144
0.0000000000010227724164532778
0.0000000000010227722772573137
0.0000000000010227721835022574
0.0000000000010227720759203974
0.0000000000010227720699342846
0.0000000000010227721708290477
0.0000000000010227722578372326
0.0000000000010227723870197464
0.0000000000010227725782897144
0.0000000000010227728588886752
0.0000000000010227732667315575
0.0000000000010227738540293774
0.0000000000010227746918889333
0.0000000000010227758760816863
0.0000000000010227775341353356
0.000000000001022779833926207
0.0000000000010227829938570683
0.000000000001022787294684956
0.0000000000010227930929233092
0.0000000000010228008356265824
0.0000000000010228110761789652
0.0000000000010228244904919747
0.0000000000010228418927684084
0.0000000000010228642497182876
0.0000000000010228926918366618
0.0000000000010229285200958821
0.0000000000010229732061917814
0.0000000000010230283843523165
0.0000000000010230958327208038
0.0000000000010231774424483645
0.0000000000010232751729652121
0.00000000000102339099245641
0.0000000000010235268032907175
0.0000000000010236843531330936
0.0000000000010238651335867642
0.000000000001024070269477982
0.00000000000102430040315762
0.0000000000010245555794390128
0.0000000000010248351378141327
0.0000000000010251376193499043
0.0000000000010254606959722092
0.0000000000010258011296628799
0.000000000001026154768310412
0.0000000000010265165835398413
0.0000000000010268807538750045
0.0000000000010272407940585091
0.0000000000010275897284696041
0.000000000001027920303527735
0.0000000000010282252309387838
0.0000000000010284974509297278
0.0000000000010287304024829642
0.0000000000010289182862301823
0.0000000000010290563052430148
0.0000000000010291408696919189
0.0000000000010291697530357698
0.0000000000010291421901401554
0.0000000000010290589112107813
0.0000000000010289221094102191
0.0000000000010287353441830275
0.0000000000010285033863300821
0.0000000000010282320143626721
0.000000000001027927774391146
0.0000000000010275977175885084
0.000000000001027249129957562
0.0000000000010268892687799537
0.0000000000010265251187603192
0.0000000000010261631788031256
0.000000000001025809287605078
0.0000000000010254684932678315
0.0000000000010251449690529838
0.0000000000010248419745159336
0.0000000000010245618587280613
0.0000000000010243061002935908
0.000000000001024075377445677
0.0000000000010238696607165654
0.0000000000010236883204627381
0.0000000000010235302418360052
0.0000000000010233939405362575
0.0000000000010232776736975946
0.0000000000010231795415087055
0.0000000000010230975764151345
0.000000000001023029818041317
0.000000000001022974373067705
0.0000000000010229294602965557
0.0000000000010228934418668996
0.0000000000010228648421425545
0.0000000000010228423561220997
0.0000000000010228248493686811
0.0000000000010228113514470143
0.0000000000010228010447326492
0.0000000000010227932502487701
0.0000000000010227874119237684
0.0000000000010227830803942275
0.0000000000010227798971972012
0.0000000000010227775799602112
0.0000000000010227759089588974
0.0000000000010227747152564746
0.0000000000010227738704829774
0.0000000000010227732782086534
0.0000000000010227728668202346
0.0000000000010227725837204159
0.000000000001022772390703378
0.0000000000010227722603132105
0.0000000000010227721724874697
0.0000000000010227720717822964
0.0000000000010227720654576657
0.0000000000010227721590977816
0.0000000000010227722397927308
0.0000000000010227723596022317
0.0000000000010227725369965095
0.0000000000010227727972437953
0.0000000000010227731755105731
0.000000000001022773720225402
0.0000000000010227744973461435
0.0000000000010227755957083146
0.0000000000010227771336067623
0.0000000000010227792667659188
0.000000000001022782197783956
0.0000000000010227861871040605
0.0000000000010227915654501803
0.0000000000010227987475447766
0.0000000000010228082467595775
0.0000000000010228206901423593
0.000000000001022836833048329
0.0000000000010228575723264476
0.0000000000010228839567944295
0.0000000000010229171934406264
0.0000000000010229586476568677
0.0000000000010230098356415782
0.0000000000010230724071170113
0.0000000000010231481166491067
0.0000000000010232387821415098
0.0000000000010233462295886
0.0000000000010234722238762496
0.0000000000010236183862923096
0.000000000001023786100474534
0.0000000000010239764096736173
0.0000000000010241899094152483
0.0000000000010244266407606224
0.0000000000010246859903461668
0.0000000000010249666040613705
0.000000000001025266321525772
0.000000000001025582138337183
0.000000000001025910202333894
0.0000000000010262458488067102
0.0000000000010265836777511009
0.000000000001026917673902838
0.0000000000010272413676314078
0.0000000000010275480319392495
0.0000000000010278309079945134
0.000000000001028083449143923
0.0000000000010282995713630546
0.0000000000010284738968495768
0.000000000001028601977135622
0.0000000000010286804826913603
0.0000000000010287073476450815
0.0000000000010286818607259537
0.0000000000010286046967729893
0.0000000000010284778868404
0.0000000000010283047287595152
0.0000000000010280896437411134
0.0000000000010278379878159182
0.0000000000010275558294455606
0.0000000000010272497062937856
0.0000000000010269263747841213
0.0000000000010265925657557797
0.0000000000010262547583009678
0.0000000000010259189819100368
0.0000000000010255906545447032
0.0000000000010252744614918489
0.0000000000010249742769816518
0.0000000000010246931278947906
0.000000000001024433196528971
0.0000000000010241958575313293
0.0000000000010239817427747095
0.0000000000010237908272229947
0.0000000000010236225286225176
0.0000000000010234758141465394
0.0000000000010233493077881004
0.000000000001023241393276253
0.0000000000010231503083968801
0.0000000000010230742278206754
0.0000000000010230113326574965
0.000000000001022959866080284
0.0000000000010229181751783964
0.000000000001022884739963692
0.000000000001022858190927515
0.0000000000010228373168760552
0.000000000001022821064877939
0.0000000000010228085341917036
0.00000000000102279896589151
0.0000000000010227917297277687
0.0000000000010227863095238854
0.0000000000010227822881449203
0.0000000000010227793328333584
0.0000000000010227771814569044
0.0000000000010227756300387145
0.0000000000010227745217465885
0.0000000000010227737374057578
0.0000000000010227731874946984
0.0000000000010227728055260171
0.0000000000010227725426678411
0.0000000000010227723634486114
0.0000000000010227722423781696
0.0000000000010227721608300566
0.000000000001022772067387195
0.0000000000010227720608535027
0.0000000000010227721470000253
0.0000000000010227722211832036
0.0000000000010227723313248797
0.0000000000010227724944081804
0.0000000000010227727336622376
0.0000000000010227730814214607
0.000000000001022773582211384
0.000000000001022774296674771
0.0000000000010227753064931518
0.0000000000010227767204349075
0.0000000000010227786816852425
0.0000000000010227813765318466
0.0000000000010227850444567235
0.0000000000010227899895681964
0.000000000001022796593223401
0.0000000000010228053274945104
0.0000000000010228167689999413
0.0000000000010228316123516323
0.000000000001022850682293535
0.0000000000010228749433285643
0.0000000000010229055054319163
0.000000000001022943624257653
0.0000000000010229906941586816
0.0000000000010230482322841132
0.000000000001023117852197225
0.0000000000010232012256923464
0.0000000000010233000319794207
0.0000000000010234158940186998
0.000000000001023550302647713
0.0000000000010237045300647204
0.0000000000010238795353435276
0.000000000001024075865718623
0.0000000000010242935584333042
0.0000000000010245320488557487
0.0000000000010247900911465964
0.000000000001025065698084501
0.0000000000010253561064479673
0.0000000000010256577736868058
0.0000000000010259664104193268
0.0000000000010262770515593264
0.0000000000010265841667648522
0.0000000000010268818084060947
0.000000000001027163792666602
0.0000000000010274239068239338
0.0000000000010276561334442976
0.0000000000010278548804514434
0.0000000000010280152048564371
0.0000000000010281330176506993
0.0000000000010282052579189835
0.0000000000010282300257451352
0.0000000000010282066657574169
0.0000000000010281357961292078
0.0000000000010280192812244562
0.0000000000010278601495864266
0.0000000000010276624623852827
0.0000000000010274311403650504
0.0000000000010271717596942776
0.0000000000010268903286088465
0.0000000000010265930573537042
0.0000000000010262861336479565
0.0000000000010259755147667559
0.0000000000010256667455690937
0.0000000000010253648094707444
0.00000000000102507401687034
0.0000000000010247979328559732
0.0000000000010245393436166289
0.0000000000010243002587699453
0.0000000000010240819451440806
0.0000000000010238849862916536
0.0000000000010237093613503946
0.0000000000010235545366603135
0.0000000000010234195638056893
0.0000000000010233031783929056
0.0000000000010232038947191903
0.000000000001023120092558619
0.0000000000010230500933851241
0.0000000000010229922243998628
0.0000000000010229448697300407
0.0000000000010229065089681817
0.0000000000010228757438897593
0.0000000000010228513146337459
0.0000000000010228321069264504
0.0000000000010228171520595447
0.000000000001022805621312498
0.000000000001022796816420453
0.000000000001022790157495924
0.000000000001022785169596663
0.0000000000010227814689007489
0.0000000000010227787492201752
0.0000000000010227767693479045
0.0000000000010227753415866827
0.000000000001022774321617619
0.0000000000010227735997729312
0.0000000000010227730936721265
0.000000000001022772742128825
0.0000000000010227725002050444
0.0000000000010227723352569823
0.0000000000010227722238260905
0.000000000001022772148770808
0.0000000000010227720628262964
0.0000000000010227720562119195
0.0000000000010227721347683478
0.0000000000010227722023674446
0.000000000001022772302734456
0.0000000000010227724513456448
0.000000000001022772669371539
0.0000000000010227729862797123
0.0000000000010227734426483035
0.0000000000010227740937473529
0.0000000000010227750140182564
0.0000000000010227763025940797
0.0000000000010227780899764575
0.000000000001022780545953706
0.00000000000102278388880154
0.0000000000010227883957053098
0.0000000000010227944142609125
0.0000000000010228023747623144
0.0000000000010228128027987353
0.0000000000010228263315261546
0.0000000000010228437127276456
0.0000000000010228658255914857
0.0000000000010228936819238345
0.0000000000010229284263358222
0.0000000000010229713298784006
0.0000000000010230237755449432
0.000000000001023087234211407
0.00000000000102316322982301
0.000000000001023253293052469
0.0000000000010233589032567564
0.000000000001023481419286644
0.0000000000010236220006116887
0.0000000000010237815211765076
0.000000000001023960479411524
0.0000000000010241589087859675
0.000000000001024376294066363
0.000000000001024611499065619
0.0000000000010248627118613391
0.0000000000010251274133273167
0.0000000000010254023742081121
0.0000000000010256836848390299
0.0000000000010259668200710255
0.0000000000010262467400027774
0.0000000000010265180248677753
0.0000000000010267750400650557
0.0000000000010270121249837859
0.0000000000010272237971877872
0.0000000000010274049619021414
0.0000000000010275511156944462
0.0000000000010276585329779642
0.0000000000010277244244981818
0.0000000000010277470583128389
0.0000000000010277258358640572
0.0000000000010276613184396882
0.0000000000010275552023584854
0.0000000000010274102444373607
0.000000000001027230142358081
0.0000000000010270193772550101
0.000000000001026783027945163
0.0000000000010265265676295868
0.0000000000010262556544157161
0.0000000000010259759267962899
0.0000000000010256928141891838
0.0000000000010254113710275048
0.0000000000010251361408246893
0.0000000000010248710543013568
0.0000000000010246193633069504
0.0000000000010243836099902821
0.0000000000010241656287334576
0.0000000000010239665767745193
0.0000000000010237869883225278
0.000000000001023626846346759
0.0000000000010234856660322991
0.0000000000010233625841336214
0.0000000000010232564490141998
0.0000000000010231659069766968
0.0000000000010230894814153533
0.0000000000010230256423438734
0.0000000000010229728648152029
0.0000000000010229296756356384
0.0000000000010228946885478565
0.0000000000010228666286189824
0.0000000000010228443470171972
0.0000000000010228268276272833
0.0000000000010228131870409563
0.000000000001022802669486758
0.000000000001022794638147868
0.0000000000010227885641513368
0.0000000000010227840143280248
0.0000000000010227806386081068
0.0000000000010227781577203646
0.0000000000010227763516585942
0.0000000000010227750492196583
0.000000000001022774118766763
0.000000000001022773460264959
0.0000000000010227729985684064
0.000000000001022772677864065
0.0000000000010227724571600288
0.0000000000010227723066786726
0.0000000000010227722050185805
0.0000000000010227721365438678
0.0000000000010227720581907694
0.0000000000010227720516118915
0.000000000001022772122620501
0.0000000000010227721836791764
0.0000000000010227722743365945
0.0000000000010227724085722804
0.0000000000010227726055116233
0.0000000000010227728917726124
0.0000000000010227733040137572
0.0000000000010227738921641182
0.0000000000010227747234745073
0.0000000000010227758875016062
0.0000000000010227775021445697
0.0000000000010227797207982618
0.000000000001022782740663348
0.000000000001022786812169292
0.000000000001022792249365234
0.000000000001022799441020474
0.0000000000010228088620134386
0.0000000000010228210844178908
0.0000000000010228367875024101
0.0000000000010228567656586155
0.0000000000010228819331185001
0.0000000000010229133241213591
0.0000000000010229520871603079
0.0000000000010229994718788257
0.0000000000010230568073273495
0.0000000000010231254704979426
0.0000000000010232068444332258
0.0000000000010233022657683008
0.0000000000010234129621963434
0.0000000000010235399811837644
0.0000000000010236841121232098
0.0000000000010238458050212245
0.0000000000010240250896875846
0.0000000000010242215000990722
0.0000000000010244340091626306
0.0000000000010246609792805146
0.0000000000010249001340059167
0.0000000000010251485554835932
0.0000000000010254027114000754
0.0000000000010256585137226966
0.0000000000010259114097655344
0.0000000000010261565040704447
0.000000000001026388707478809
0.0000000000010266029076311513
0.0000000000010267941533064292
0.000000000001026957843487986
0.000000000001027089911167493
0.000000000001027186991631814
0.000000000001027246565450055
0.000000000001027267067639203
0.0000000000010272479563275493
0.0000000000010271897366790516
0.0000000000010270939385879603
0.0000000000010269630495308527
0.0000000000010268004067312122
0.0000000000010266100552169118
0.000000000001026396580272819
0.0000000000010261649240052026
0.0000000000010259201962873115
0.0000000000010256674900927116
0.0000000000010254117103698188
0.0000000000010251574241079477
0.0000000000010249087374230427
0.0000000000010246692033706278
0.0000000000010244417620664273
0.0000000000010242287126484206
0.0000000000010240317148515479
0.000000000001023851816522499
0.0000000000010236895023954243
0.0000000000010235447588727918
0.0000000000010234171493766042
0.0000000000010233058950684234
0.0000000000010232099562121377
0.0000000000010231281102010171
0.0000000000010230590231154012
0.0000000000010230013125933435
0.000000000001022953600657841
0.0000000000010229145559782192
0.0000000000010228829256933012
0.0000000000010228575574797713
0.0000000000010228374129418175
0.0000000000010228215735985234
0.0000000000010228092408959552
0.0000000000010227997316344282
0.0000000000010227924701300052
0.0000000000010227869782669234
0.0000000000010227828644398333
0.0000000000010227798121607353
0.000000000001022777568944396
0.0000000000010227759358816093
0.0000000000010227747581850029
0.0000000000010227739168354086
0.0000000000010227733213848901
0.0000000000010227729038898558
0.0000000000010227726138854974
0.0000000000010227724143058177
0.0000000000010227722782263107
0.0000000000010227721862928882
0.000000000001022772124370682
0.0000000000010227720535629721
0.000000000001022772047128141
0.0000000000010227721107492111
0.0000000000010227721654182905
0.000000000001022772246586541
0.0000000000010227723667750779
0.000000000001022772543106777
0.000000000001022772799417377
0.000000000001022773168532125
0.0000000000010227736951610482
0.0000000000010227744395242124
0.0000000000010227754818202146
0.0000000000010227769276274074
0.0000000000010227789143135361
0.0000000000010227816184788666
0.0000000000010227852643950207
0.0000000000010227901333119648
0.0000000000010227965734038927
0.0000000000010228050099675546
0.0000000000010228159553553427
0.0000000000010228300179320137
0.0000000000010228479091813932
0.0000000000010228704479242786
0.0000000000010228985604777599
0.0000000000010229332754965554
0.0000000000010229757122334117
0.0000000000010230270610629581
0.0000000000010230885552860749
0.0000000000010231614336044219
0.0000000000010232468931192725
0.0000000000010233460333134818
0.0000000000010234597921843574
0.0000000000010235888765174086
0.0000000000010237336890587143
0.0000000000010238942561399751
0.0000000000010240701599682837
0.0000000000010242604802328286
0.000000000001024463749887826
0.0000000000010246779298370229
0.0000000000010249004067237387
0.0000000000010251280171427444
0.0000000000010253571003215686
0.0000000000010255835797172988
0.0000000000010258030721901352
0.000000000001026011021468054
0.0000000000010262028507642325
0.0000000000010263741277293458
0.0000000000010265207336091013
0.0000000000010266390276579191
0.000000000001026725997658565
0.0000000000010267793878075517
0.0000000000010267977963520383
0.0000000000010267807370323544
0.0000000000010267286605211974
0.0000000000010266429345479184
0.0000000000010265257839324775
0.000000000001026380194231113
0.0000000000010262097848678869
0.0000000000010260186593266078
0.0000000000010258112411024527
0.0000000000010255921045516888
0.0000000000010253658096294863
0.0000000000010251367486628916
0.0000000000010249090120495965
0.000000000001024686278093567
0.0000000000010244717303103618
0.000000000001024268003646356
0.0000000000010240771592115835
0.000000000001023900685530179
0.000000000001023739523052689
0.0000000000010235941077351558
0.0000000000010234644289793639
0.0000000000010233500970804423
0.0000000000010232504154994043
0.0000000000010231644537453175
0.0000000000010230911172798291
0.000000000001023029211639431
0.000000000001022977498788323
0.0000000000010229347444712771
0.0000000000010228997561028892
0.0000000000010228714113086457
0.0000000000010228486777184902
0.0000000000010228306249823866
0.0000000000010228164301536788
0.0000000000010228053777108287
0.000000000001022796855474768
0.000000000001022790347587354
0.0000000000010227854256098843
0.0000000000010227817386165662
0.0000000000010227790029900394
0.0000000000010227769924635058
0.0000000000010227755287783099
0.000000000001022774473214363
0.0000000000010227737191061843
0.0000000000010227731853922159
0.0000000000010227728111784793
0.0000000000010227725512347789
0.000000000001022772372339612
0.000000000001022772250362023
0.0000000000010227721679553179
0.0000000000010227721124494603
0.0000000000010227720490222304
0.0000000000010227720428214937
0.000000000001022772099324757
0.0000000000010227721478425352
0.0000000000010227722198785051
0.0000000000010227723265454198
0.000000000001022772483041449
0.000000000001022772710522508
0.0000000000010227730381247938
0.0000000000010227735055320085
0.000000000001022774166197887
0.0000000000010227750913078284
0.0000000000010227763745810713
0.0000000000010227781379527317
0.0000000000010227805381869698
0.0000000000010227837743696514
0.0000000000010227880961684144
0.0000000000010227938126662662
0.0000000000010228013014160187
0.0000000000010228110172583718
0.0000000000010228235002791305
0.0000000000010228393821180357
0.0000000000010228593897145588
0.0000000000010228843454514284
0.000000000001022915162570701
0.0000000000010229528347556278
0.0000000000010229984188292838
0.0000000000010230530097180033
0.000000000001023117707129756
0.0000000000010231935738102843
0.0000000000010232815858013668
0.000000000001023382575729801
0.0000000000010234971708965963
0.0000000000010236257286148802
0.0000000000010237682719715425
0.0000000000010239244297285027
0.0000000000010240933845174812
0.0000000000010242738336348466
0.0000000000010244639666222919
0.0000000000010246614633769593
0.0000000000010248635157086844
0.0000000000010250668741675483
0.0000000000010252679205207475
0.0000000000010254627646741771
0.0000000000010256473631264238
0.0000000000010258176543791364
0.0000000000010259697052610359
0.0000000000010260998609431303
0.0000000000010262048907326475
0.000000000001026282121527563
0.0000000000010263295511991282
0.0000000000010263459351631976
0.0000000000010263308408745193
0.0000000000010262846668805139
0.0000000000010262086252596547
0.0000000000010261046885354826
0.0000000000010259755043308722
0.0000000000010258242829592258
0.0000000000010256546646433506
0.0000000000010254705740811952
0.0000000000010252760704307743
0.0000000000010250752006953495
0.0000000000010248718637328129
0.0000000000010246696910063077
0.000000000001024471948708231
0.0000000000010242814642439736
0.0000000000010241005783514375
0.0000000000010239311225281772
0.0000000000010237744200171314
0.0000000000010236313074404612
0.0000000000010235021734085678
0.0000000000010233870098858874
0.000000000001023285472032163
0.0000000000010231969423521445
0.000000000001023120595402356
0.000000000001023055459871786
0.0000000000010230004755436473
0.0000000000010229545433478842
0.0000000000010229165674499862
0.000000000001022885488913543
0.000000000001022860311071786
0.0000000000010228401171299958
0.000000000001022824080850152
0.0000000000010228114713463303
0.000000000001022801653119263
0.0000000000010227940824346344
0.0000000000010227883010979928
0.000000000001022783928552995
0.0000000000010227806530848659
0.000000000001022778222761717
0.0000000000010227764365892422
0.000000000001022775136218392
0.0000000000010227741984186905
0.0000000000010227735284322588
0.0000000000010227730542495071
0.0000000000010227727217710882
0.0000000000010227724908151165
0.0000000000010227723318673363
0.000000000001022772223489055
0.000000000001022772150269399
0.000000000001022772100950959
0.0000000000010227720446326478
0.0000000000010227720387437875
0.0000000000010227720884857954
0.0000000000010227721311672182
0.000000000001022772194537179
0.0000000000010227722883736661
0.000000000001022772426047757
0.0000000000010227726261715743
0.0000000000010227729143794367
0.0000000000010227733255867625
0.0000000000010227739068232403
0.0000000000010227747207239908
0.0000000000010227758497454568
0.0000000000010227774011787454
0.0000000000010227795129600327
0.0000000000010227823602655115
0.0000000000010227861627856307
0.0000000000010227911924941908
0.0000000000010227977816202808
0.0000000000010228063304098477
0.0000000000010228173141280968
0.0000000000010228312886143025
0.0000000000010228488935786397
0.0000000000010228708527298274
0.0000000000010228979697426566
0.0000000000010229311190849958
0.0000000000010229712307914377
0.0000000000010230192684252506
0.0000000000010230761997457148
0.000000000001023142959967623
0.0000000000010232204079729813
0.0000000000010233092763994612
0.0000000000010234101171476864
0.0000000000010235232444796427
0.0000000000010236486784925278
0.000000000001023786092246015
0.0000000000010239347662027922
0.0000000000010240935537642043
0.0000000000010242608615930845
0.0000000000010244346480021423
0.000000000001024612441980819
0.0000000000010247913844469124
0.0000000000010249682920556129
0.0000000000010251397424919492
0.0000000000010253021786823822
0.0000000000010254520278870302
0.000000000001025585830361973
0.0000000000010257003712502307
0.0000000000010257928087365877
0.0000000000010258607913409125
0.000000000001025902557573964
0.0000000000010259170120312461
0.0000000000010259037733050712
0.0000000000010258631907686406
0.000000000001025796329202373
0.000000000001025704922197817
0.0000000000010255912972198163
0.0000000000010254582768724045
0.00000000000102530906224066
0.0000000000010251471050651107
0.0000000000010249759758674053
0.0000000000010247992350060919
0.0000000000010246203130419466
0.0000000000010244424057761069
0.000000000001024268388063424
0.0000000000010241007490203028
0.000000000001023941549782486
0.0000000000010237924035217629
0.0000000000010236544762000213
0.0000000000010235285055145711
0.0000000000010234148347866654
0.0000000000010233134581179711
0.000000000001023224073014235
0.0000000000010231461368259376
0.000000000001023078923694145
0.0000000000010230215792023616
0.0000000000010229731705256761
0.000000000001022932730508449
0.000000000001022899294732449
0.0000000000010228719311721121
0.0000000000010228497625487953
0.0000000000010228319818368981
0.0000000000010228178616917957
0.0000000000010228067586824764
0.0000000000010227981133292384
0.0000000000010227914469260405
0.0000000000010227863560650424
0.0000000000010227825056836988
0.0000000000010227796213263447
0.000000000001022777481166996
0.0000000000010227759082288023
0.0000000000010227747630806202
0.0000000000010227739372125793
0.0000000000010227733471857934
0.0000000000010227729295876341
0.0000000000010227726367800895
0.0000000000010227724333788918
0.0000000000010227722933934391
0.000000000001022772197941752
0.0000000000010227721334550683
0.0000000000010227720900187346
0.0000000000010227720404519785
0.0000000000010227720349336486
0.0000000000010227720783389736
0.0000000000010227721155559603
0.0000000000010227721708146504
0.0000000000010227722526404584
0.0000000000010227723726936313
0.0000000000010227725472068081
0.000000000001022772798534419
0.0000000000010227731571269428
0.0000000000010227736640003954
0.000000000001022774373779685
0.000000000001022775358380656
0.0000000000010227767113789737
0.0000000000010227785530785312
0.000000000001022781036268748
0.0000000000010227843525643573
0.0000000000010227887391882165
0.0000000000010227944859230463
0.0000000000010228019418846857
0.0000000000010228115216303895
0.0000000000010228237100068641
0.0000000000010228390650282906
0.000000000001022858217985864
0.0000000000010228818699331381
0.0000000000010229107836824413
0.0000000000010229457705208834
0.0000000000010229876709817758
0.0000000000010230373292545612
0.0000000000010230955611249952
0.0000000000010231631157735047
0.000000000001023240632228998
0.0000000000010233285918290536
0.0000000000010234272685824467
0.0000000000010235366798657054
0.000000000001023656540316196
0.0000000000010237862221090523
0.0000000000010239247249290459
0.000000000001024070658837697
0.0000000000010242222429174758
0.0000000000010243773219090958
0.000000000001024533402227344
0.0000000000010246877076461856
0.0000000000010248372536993164
0.000000000001024978938555985
0.0000000000010251096468472628
0.0000000000010252263618222983
0.0000000000010253262802847542
0.0000000000010254069242683753
0.0000000000010254662432371891
0.000000000001025502700914225
0.000000000001025515341586299
0.0000000000010255038318677008
0.0000000000010254684753593997
0.0000000000010254101992965026
0.0000000000010253305140113575
0.0000000000010252314477076954
0.0000000000010251154604754752
0.0000000000010249853426956919
0.0000000000010248441036652248
0.000000000001024694856675684
0.0000000000010245407065996064
0.0000000000010243846455609475
0.0000000000010242294613614498
0.0000000000010240776622472786
0.0000000000010239314203171788
0.0000000000010237925345774928
0.0000000000010236624134179613
0.0000000000010235420751702145
0.0000000000010234321645589649
0.0000000000010233329821928891
0.0000000000010232445239129516
0.0000000000010231665266632914
0.000000000001023098517719515
0.0000000000010230398643679463
0.000000000001022989821586466
0.0000000000010229475758140025
0.0000000000010229122834297025
0.000000000001022883103103433
0.0000000000010228592216997845
0.0000000000010228398737865624
0.0000000000010228243551977555
0.000000000001022812031255703
0.000000000001022802340484556
0.0000000000010227947946507313
0.0000000000010227889759928766
0.0000000000010227845324533093
0.0000000000010227811716123364
0.0000000000010227786539372069
0.000000000001022776785824961
0.0000000000010227754128122356
0.0000000000010227744132021596
0.0000000000010227736922843737
0.000000000001022773177230041
0.0000000000010227728126893065
0.000000000001022772557080405
0.0000000000010227723795178477
0.0000000000010227722573122713
0.0000000000010227721739844734
0.0000000000010227721176870518
0.000000000001022772079766824
0.000000000001022772036523318
0.0000000000010227720314204788
0.0000000000010227720689643463
0.0000000000010227721011332377
0.0000000000010227721488960585
0.0000000000010227722196210474
0.0000000000010227723233914126
0.0000000000010227724742359441
0.0000000000010227726914812589
0.0000000000010227730014485613
0.000000000001022773439596016
0.0000000000010227740531460942
0.0000000000010227749042708798
0.0000000000010227760738673425
0.0000000000010227776659422476
0.0000000000010227798125894257
0.0000000000010227826794714582
0.000000000001022786471684755
0.0000000000010227914397736652
0.0000000000010227978855843293
0.0000000000010228061675516255
0.0000000000010228167048889278
0.0000000000010228299800801465
0.0000000000010228465389745672
0.0000000000010228669877477195
0.0000000000010228919859837844
0.000000000001022922235184228
0.000000000001022958462142564
0.00000000000102300139681014
0.0000000000010230517445716872
0.0000000000010231101532086788
0.0000000000010231771752390844
0.000000000001023253226805728
0.0000000000010233385447622252
0.0000000000010234331440351966
0.000000000001023536777774837
0.0000000000010236489030201543
0.0000000000010237686547575279
0.0000000000010238948311402715
0.0000000000010240258923427696
0.0000000000010241599749825675
0.000000000001024294923287801
0.0000000000010244283372603423
0.0000000000010245576370058824
0.000000000001024680141286526
0.0000000000010247931572559127
0.000000000001024894077363481
0.0000000000010249804786555993
0.000000000001025050219244665
0.0000000000010251015265861413
0.00000000000102513307247908
0.0000000000010251440303404958
0.0000000000010251341112981805
0.0000000000010251035768787103
0.000000000001025053227516186
0.0000000000010249843675896096
0.0000000000010248987491332077
0.0000000000010247984976155765
0.0000000000010246860242119235
0.0000000000010245639296196727
0.0000000000010244349047660896
0.0000000000010243016336720062
0.0000000000010241667032510252
0.0000000000010240325241266476
0.0000000000010239012655277345
0.000000000001023774806298407
0.0000000000010236547028776213
0.0000000000010235421740599467
0.0000000000010234381014127696
0.0000000000010233430434230507
0.0000000000010232572609515175
0.0000000000010231807512171594
0.0000000000010231132874368816
0.0000000000010230544613841337
0.0000000000010230037263464664
0.000000000001022960438366787
0.0000000000010229238941084264
0.0000000000010228933641422042
0.0000000000010228681209480606
0.0000000000010228474613221873
0.0000000000010228307232797347
0.0000000000010228172977813402
0.0000000000010228066358680238
0.0000000000010227982518757549
0.000000000001022791723477016
0.0000000000010227866892952427
0.0000000000010227828447792769
0.000000000001022779936962872
0.0000000000010227777586263079
0.0000000000010227761422797434
0.0000000000010227749542908638
0.0000000000010227740893734591
0.0000000000010227734655875226
0.0000000000010227730199215921
0.0000000000010227727044882453
0.0000000000010227724833097647
0.00000000000102277232966191
0.0000000000010227722239152106
0.0000000000010227721518075372
0.000000000001022772103091441
0.0000000000010227720702762018
0.000000000001022772032880244
0.0000000000010227720282189827
0.0000000000010227720604100713
0.0000000000010227720879697611
0.0000000000010227721288915392
0.000000000001022772189486925
0.000000000001022772278396097
0.000000000001022772407639263
0.0000000000010227725937762708
0.0000000000010227728593628066
0.0000000000010227732347817306
0.0000000000010227737604986388
0.0000000000010227744897896843
0.0000000000010227754919781347
0.0000000000010227768561937836
0.000000000001022778695635496
0.000000000001022781152273739
0.0000000000010227844018741581
0.0000000000010227886591561038
0.000000000001022794182808884
0.0000000000010228012800244479
0.000000000001022810310090485
0.0000000000010228216865262982
0.0000000000010228358771675563
0.0000000000010228534015596894
0.0000000000010228748250302424
0.000000000001022900748839801
0.0000000000010229317959291481
0.0000000000010229685919487345
0.0000000000010230117414882225
0.0000000000010230617997619607
0.0000000000010231192403217063
0.0000000000010231844198224053
0.0000000000010232575412310468
0.0000000000010233386172943737
0.000000000001023427436383526
0.000000000001023523533080845
0.0000000000010236261659624278
0.0000000000010237343049511422
0.000000000001023846630358696
0.0000000000010239615452700925
0.000000000001024077202275609
0.000000000001024191544761721
0.0000000000010243023620454282
0.000000000001024407356682095
0.0000000000010245042213400474
0.0000000000010245907218040132
0.000000000001024664782023366
0.0000000000010247245667212377
0.0000000000010247685569865089
0.000000000001024795614497141
0.0000000000010248050305699015
0.0000000000010247965570783904
0.0000000000010247704173475247
0.000000000001024727296341354
0.000000000001024668310774239
0.0000000000010245949609491388
0.0000000000010245090672463974
0.000000000001024412695024453
0.0000000000010243080722729166
0.0000000000010241975045741395
0.0000000000010240832918867253
0.000000000001023967651254919
0.000000000001023852648923285
0.000000000001023740144505256
0.0000000000010236317489419166
0.0000000000010235287969909963
0.0000000000010234323341107891
0.000000000001023343116745905
0.0000000000010232616244059257
0.0000000000010231880814386367
0.000000000001023122486122821
0.0000000000010230646446337503
0.0000000000010230142075060769
0.0000000000010229707064585984
0.000000000001022933589753521
0.0000000000010229022546593722
0.000000000001022876076003336
0.0000000000010228544301846644
0.0000000000010228367144015756
0.000000000001022822361145896
0.0000000000010228108482738482
0.0000000000010228017051276763
0.0000000000010227945153014064
0.0000000000010227889166820983
0.0000000000010227845994060117
0.0000000000010227813023291229
0.000000000001022778808534069
0.0000000000010227769403257466
0.0000000000010227755540786019
0.0000000000010227745351937577
0.0000000000010227737933838295
0.0000000000010227732583754549
0.0000000000010227728761322468
0.0000000000010227726055838348
0.0000000000010227724158756826
0.0000000000010227722840880506
0.0000000000010227721933848149
0.0000000000010227721315353271
0.0000000000010227720897468916
0.0000000000010227720616003745
0.0000000000010227720295450736
0.0000000000010227720253373672
0.0000000000010227720526967094
0.0000000000010227720761027825
0.0000000000010227721108545393
0.0000000000010227721623156061
0.0000000000010227722378235169
0.0000000000010227723475877954
0.0000000000010227725056731907
0.000000000001022772731237385
0.0000000000010227730500874358
0.0000000000010227734965944375
0.0000000000010227741160112644
0.0000000000010227749672236203
0.0000000000010227761259403234
0.0000000000010227776883187067
0.0000000000010227797749576564
0.0000000000010227825351670591
0.0000000000010227861513486733
0.0000000000010227908432636122
0.0000000000010227968718769797
0.0000000000010228045424181068
0.0000000000010228142061927763
0.0000000000010228262606572248
0.0000000000010228411472069487
0.0000000000010228593461352815
0.0000000000010228813682734357
0.0000000000010229077428746551
0.0000000000010229390014975197
0.0000000000010229756578115198
0.0000000000010230181835336166
0.0000000000010230669809976435
0.000000000001023122353214644
0.0000000000010231844726184483
0.0000000000010232533500273063
0.000000000001023328805628222
0.0000000000010234104440014884
0.0000000000010234976352518227
0.0000000000010235895042818035
0.0000000000010236849299923241
0.0000000000010237825558237176
0.0000000000010238808124776497
0.0000000000010239779530049703
0.0000000000010240720996409227
0.0000000000010241613009782743
0.0000000000010242435972455362
0.0000000000010243170907938802
0.0000000000010243800182922282
0.0000000000010244308208682795
0.0000000000010244682082694732
0.0000000000010244912133905006
0.0000000000010244992339131275
0.0000000000010244920585634317
0.0000000000010244698763835376
0.000000000001024433268432956
0.0000000000010243831824481119
0.00000000000102432089199625
0.0000000000010242479425938188
0.0000000000010241660879805655
0.00000000000102407722021929
0.0000000000010239832975044067
0.0000000000010238862734895687
0.0000000000010237880316358671
0.0000000000010236903275202986
0.0000000000010235947413790762
0.000000000001023502642344379
0.0000000000010234151650262802
0.0000000000010233331983132112
0.0000000000010232573855711046
0.0000000000010231881348597178
0.0000000000010231256373999723
0.0000000000010230698922642489
0.0000000000010230207352205532
0.0000000000010229778697089276
0.0000000000010229408981246792
0.0000000000010229093518706206
0.000000000001022882718947377
0.0000000000010228604682254881
0.0000000000010228420698597495
0.0000000000010228270116400287
0.0000000000010228148113144546
0.0000000000010228050251595185
0.000000000001022797253189168
0.0000000000010227911415055958
0.0000000000010227863823468658
0.000000000001022782712350894
0.0000000000010227799095556825
0.0000000000010227777895872757
0.0000000000010227762014057519
0.0000000000010227750229266029
0.0000000000010227741567387576
0.000000000001022773526091325
0.0000000000010227730712505971
0.0000000000010227727462790644
0.000000000001022772516263783
0.0000000000010227723549751558
0.000000000001022772242929036
0.000000000001022772165812164
0.0000000000010227721132257982
0.0000000000010227720776966973
0.0000000000010227720537631129
0.0000000000010227720265266006
0.0000000000010227720227740592
0.0000000000010227720458230324
0.0000000000010227720655254663
0.000000000001022772094779857
0.0000000000010227721381009834
0.0000000000010227722016650249
0.0000000000010227722940688089
0.0000000000010227724271523784
0.0000000000010227726170456773
0.0000000000010227728854764563
0.0000000000010227732613822936
0.0000000000010227737828651475
0.000000000001022774499505011
0.0000000000010227754750476033
0.0000000000010227767904581976
0.000000000001022778547282
0.0000000000010227808712432055
0.0000000000010227839159333818
0.0000000000010227878664032265
0.000000000001022792942405108
0.0000000000010227994009709657
0.0000000000010228075379362852
0.0000000000010228176880071501
0.0000000000010228302228957187
0.000000000001022845547079482
0.0000000000010228640907569028
0.0000000000010228862996490462
0.0000000000010229126214218189
0.0000000000010229434886794803
0.0000000000010229792986986807
0.000000000001023020390324237
0.0000000000010230670187572151
0.0000000000010231193292290818
0.0000000000010231773308637922
0.0000000000010232408722490872
0.0000000000010233096204038034
0.000000000001023383044899442
0.0000000000010234604088322242
0.0000000000010235407681694664
0.000000000001023622980626207
0.0000000000010237057248160697
0.000000000001023787529802867
0.0000000000010238668145391035
0.000000000001023941935995842
0.0000000000010240112441285009
0.0000000000010240731411890164
0.000000000001024126142504712
0.0000000000010241689354989288
0.0000000000010242004336899581
0.0000000000010242198225774452
0.0000000000010242265946931574
0.0000000000010242205717081772
0.0000000000010242019122516628
0.0000000000010241711049573343
0.0000000000010241289471582893
0.00000000000102407651054985
0.000000000001024015095870936
0.0000000000010239461792912243
0.0000000000010238713535992528
0.000000000001023792267441208
0.0000000000010237105658279772
0.0000000000010236278348494658
0.000000000001023545553085239
0.0000000000010234650516122294
0.0000000000010233874838536496
0.0000000000010233138058196962
0.000000000001023244766638059
0.0000000000010231809086772434
0.0000000000010231225761256782
0.0000000000010230699305087684
0.0000000000010230229714745986
0.0000000000010229815610637
0.0000000000010229454497982437
0.0000000000010229143030267815
0.0000000000010228877262402598
0.0000000000010228652883173326
0.000000000001022846541972411
0.000000000001022831040962475
0.0000000000010228183538647764
0.000000000001022808074468139
0.000000000001022799828994771
0.0000000000010227932804965966
0.0000000000010227881308399695
0.0000000000010227841207490081
0.000000000001022781028344447
0.0000000000010227786666239772
0.0000000000010227768802485365
0.0000000000010227755419595866
0.0000000000010227745488947166
0.000000000001022773818976322
0.0000000000010227732875361982
0.0000000000010227729042402607
0.000000000001022772630382569
0.0000000000010227724365432066
0.0000000000010227723006189195
0.0000000000010227722061920636
0.0000000000010227721412006077
0.000000000001022772096881363
0.0000000000010227720669388792
0.0000000000010227720467688823
0.0000000000010227720238286243
0.0000000000010227720205198418
0.0000000000010227720397663305
0.0000000000010227720562076868
0.0000000000010227720806171124
0.000000000001022772116765664
0.00000000000102277216980627
0.0000000000010227722469132069
0.0000000000010227723579664192
0.0000000000010227725164284398
0.0000000000010227727404299481
0.0000000000010227730541234633
0.0000000000010227734893066157
0.0000000000010227740873578284
0.0000000000010227749014812033
0.0000000000010227759992503588
0.0000000000010227774654193253
0.0000000000010227794049227688
0.000000000001022781945957863
0.0000000000010227852429828805
0.0000000000010227894794239286
0.0000000000010227948698268525
0.000000000001022801661132007
0.0000000000010228101327318464
0.0000000000010228205949134895
0.0000000000010228333853213738
0.0000000000010228488630773652
0.000000000001022867400264375
0.0000000000010228893705983152
0.0000000000010229151352262934
0.0000000000010229450258091421
0.0000000000010229793252331766
0.0000000000010230182465635347
0.0000000000010230619110659546
0.0000000000010231103263904371
0.0000000000010231633661767683
0.0000000000010232207525029334
0.000000000001023282042632351
0.0000000000010233466214897661
0.0000000000010234137011123698
0.0000000000010234823280754112
0.0000000000010235513994814608
0.0000000000010236196876264933
0.0000000000010236858729224932
0.0000000000010237485840635552
0.0000000000010238064438937083
0.0000000000010238581188950855
0.0000000000010239023699016948
0.0000000000010239381013378005
0.000000000001023964406267436
0.0000000000010239806046823084
0.0000000000010239862727434321
0.0000000000010239812612395704
0.0000000000010239657021224242
0.0000000000010239400027257085
0.0000000000010239048280185324
0.0000000000010238610719763332
0.0000000000010238098198001978
0.0000000000010237523032050705
0.0000000000010236898513533016
0.0000000000010236238401756514
0.000000000001023555642707254
0.0000000000010234865829525273
0.0000000000010234178953085097
0.000000000001023350691163649
0.0000000000010232859337025538
0.0000000000010232244213822334
0.0000000000010231667799926315
0.0000000000010231134627371662
0.0000000000010230647573611764
0.0000000000010230207990907493
0.000000000001022981587967407
0.0000000000010229470091008205
0.0000000000010229168544441034
0.000000000001022890844789544
0.0000000000010228686509022247
0.000000000001022849912936518
0.0000000000010228342575130873
0.0000000000010228213120894436
0.0000000000010228107164723014
0.0000000000010228021314964478
0.0000000000010227952450656266
0.0000000000010227897758213988
0.0000000000010227854748099849
0.000000000001022782125515761
0.0000000000010227795426504901
0.0000000000010227775700441923
0.000000000001022776077967737
0.0000000000010227749601415442
0.0000000000010227741306570162
0.0000000000010227735209642101
0.0000000000010227730770521142
0.0000000000010227727568804472
0.0000000000010227725281202827
0.0000000000010227723661989684
0.0000000000010227722526554553
0.0000000000010227721737750573
0.00000000000102277211948335
0.0000000000010227720824613405
0.0000000000010227720574465754
0.0000000000010227720405971846
0.0000000000010227720214450462
0.0000000000010227720185589304
0.0000000000010227720344903658
0.0000000000010227720480884852
0.0000000000010227720682784617
0.0000000000010227720981766981
0.0000000000010227721420480974
0.0000000000010227722058261238
0.0000000000010227722976834153
0.0000000000010227724287562105
0.0000000000010227726140442694
0.0000000000010227728735249838
0.0000000000010227732335054173
0.0000000000010227737282157626
0.0000000000010227744016718217
0.00000000000102277530977543
0.0000000000010227765226456515
0.0000000000010227781270991672
0.0000000000010227802291978884
0.0000000000010227829567348204
0.000000000001022786461472728
0.0000000000010227909209228155
0.0000000000010227965394067624
0.0000000000010228035480985275
0.0000000000010228122037425773
0.0000000000010228227857217661
0.0000000000010228355911989657
0.0000000000010228509280673076
0.0000000000010228691055761287
0.0000000000010228904225821011
0.0000000000010229151535478306
0.0000000000010229435325839742
0.0000000000010229757360283155
0.0000000000010230118642641583
0.0000000000010230519236634664
0.000000000001023095809714918
0.000000000001023143292501895
0.0000000000010231940057374383
0.0000000000010232474405410243
0.0000000000010233029449914482
0.000000000001023359730273437
0.0000000000010234168839082022
0.0000000000010234733901664401
0.0000000000010235281573034132
0.0000000000010235800507916213
0.0000000000010236279312567905
0.0000000000010236706954176646
0.0000000000010237073180273838
0.0000000000010237368925920783
0.000000000001023758668644868
0.0000000000010237720833959157
0.000000000001023776785935136
0.000000000001023772652499555
0.0000000000010237597918953722
0.0000000000010237385407296473
0.0000000000010237094487551184
0.0000000000010236732552137734
0.0000000000010236308575985585
0.0000000000010235832746981746
0.0000000000010235316060202874
0.000000000001023476989866787
0.0000000000010234205622671422
0.0000000000010233634187858549
0.0000000000010233065809527704
0.0000000000010232509686032636
0.000000000001023197379012006
0.0000000000010231464731947879
0.000000000001023098769319855
0.0000000000010230546427460572
0.000000000001023014331909088
0.0000000000010229779490072784
0.0000000000010229454943351057
0.0000000000010229168730406515
0.000000000001022891913134381
0.0000000000010228703836985425
0.000000000001022852012374675
0.0000000000010228365014344652
0.0000000000010228235419203543
0.000000000001022812825542748
0.0000000000010228040542094704
0.0000000000010227969472198057
0.0000000000010227912462611352
0.0000000000010227867184540576
0.0000000000010227831577333354
0.000000000001022780384878382
0.0000000000010227782465119589
0.0000000000010227766133578738
0.0000000000010227753780248106
0.0000000000010227744525313916
0.0000000000010227737657572774
0.00000000000102277326095359
0.0000000000010227728934052559
0.000000000001022772628306907
0.0000000000010227724388939325
0.0000000000010227723048218664
0.000000000001022772210805075
0.0000000000010227721454892396
0.0000000000010227721005330823
0.0000000000010227720698759262
0.0000000000010227720491630003
0.000000000001022772035209618
0.0000000000010227720193600021
0.000000000001022772016871649
0.000000000001022772029944898
0.0000000000010227720410919194
0.0000000000010227720576449659
0.0000000000010227720821580291
0.0000000000010227721181259024
0.000000000001022772170416401
0.0000000000010227722457300361
0.0000000000010227723531978595
0.0000000000010227725051172314
0.0000000000010227727178731397
0.0000000000010227730130346535
0.0000000000010227734186729303
0.0000000000010227739708804038
0.00000000000102277471550041
0.0000000000010227757100350767
0.0000000000010227770256791263
0.000000000001022778749413659
0.0000000000010227809860432053
0.0000000000010227838600292192
0.0000000000010227875169572832
0.0000000000010227921244025275
0.0000000000010227978719648708
0.0000000000010228049702221358
0.0000000000010228136483264055
0.0000000000010228241500152453
0.0000000000010228367278348641
0.0000000000010228516354490244
0.0000000000010228691180049217
0.0000000000010228894006470018
0.0000000000010229126754271482
0.0000000000010229390870192477
0.0000000000010229687178015887
0.0000000000010230015730477145
0.0000000000010230375670887566
0.000000000001023076511399312
0.0000000000010231181056102732
0.0000000000010231619323998592
0.0000000000010232074571344178
0.0000000000010232540329058256
0.0000000000010233009113889313
0.0000000000010233472595789951
0.0000000000010233921821294178
0.0000000000010234347486032608
0.000000000001023474024578932
0.0000000000010235091052181516
0.0000000000010235391496549645
0.0000000000010235634143823707
0.0000000000010235812838092973
0.000000000001023592296215082
0.0000000000010235961635960377
0.0000000000010235927841938204
0.0000000000010235822469449932
0.0000000000010235648275908303
0.0000000000010235409766761283
0.0000000000010235113001658999
0.0000000000010234765338525223
0.0000000000010234375130614558
0.0000000000010233951393929403
0.0000000000010233503463475302
0.0000000000010233040656470418
0.0000000000010232571959109682
0.0000000000010232105751138997
0.0000000000010231649578889452
0.000000000001023120998394226
0.0000000000010230792390635548
0.0000000000010230401051810364
0.000000000001023003904896647
0.0000000000010229708340395112
0.0000000000010229409848723098
0.0000000000010229143578391095
0.0000000000010228908753043718
0.0000000000010228703963281886
0.0000000000010228527315943836
0.000000000001022837657763669
0.000000000001022824930658561
0.0000000000010228142968651376
0.0000000000010228055034980446
0.00000000000102279830602201
0.0000000000010227924741567677
0.0000000000010227877959795852
0.000000000001022784080425675
0.0000000000010227811584264054
0.000000000001022778882930936
0.0000000000010227771280918523
0.000000000001022775787832904
0.0000000000010227747740342418
0.0000000000010227740144997941
0.0000000000010227734508696397
0.0000000000010227730365756275
0.0000000000010227727349223962
0.0000000000010227725173496912
0.000000000001022772361891277
0.0000000000010227722518516034
0.0000000000010227721746866724
0.0000000000010227721210772223
0.0000000000010227720841789016
0.0000000000010227720590157301
0.00000000000102277204201356
0.0000000000010227720305619819
0.0000000000010227720175582099
0.0000000000010227720154342621
0.0000000000010227720260679853
0.0000000000010227720351267518
0.0000000000010227720485796597
0.0000000000010227720685008608
0.0000000000010227720977311343
0.0000000000010227721402274987
0.0000000000010227722014343578
0.000000000001022772288774598
0.000000000001022772412244147
0.000000000001022772585158669
0.0000000000010227728250510216
0.0000000000010227731547371958
0.0000000000010227736035552578
0.0000000000010227742087694822
0.0000000000010227750171199838
0.0000000000010227760864822574
0.0000000000010227774875608577
0.0000000000010227793055532916
0.0000000000010227816416393163
0.0000000000010227846141714213
0.0000000000010227883593812952
0.0000000000010227930314104834
0.0000000000010227988014575512
0.0000000000010228058558273428
0.0000000000010228143926860398
0.0000000000010228246173671014
0.0000000000010228367361195325
0.0000000000010228509482730183
0.0000000000010228674369016156
0.0000000000010228863581805576
0.000000000001022907829771075
0.0000000000010229319186917456
0.0000000000010229586292772267
0.0000000000010229878919295003
0.0000000000010230195534283706
0.0000000000010230533696248096
0.000000000001023089001292709
0.0000000000010231260138275482
0.0000000000010231638813529728
0.0000000000010232019955376668
0.0000000000010232396792069776
0.0000000000010232762045020271
0.0000000000010233108150272703
0.0000000000010233427511345666
0.000000000001023371277212002
0.0000000000010233957096278966
0.000000000001023415443871596
0.000000000001023429979383922
0.000000000001023438940664162
0.0000000000010234420933964899
0.0000000000010234393546409856
0.0000000000010234307964617065
0.0000000000010234166427747876
0.0000000000010233972596014562
0.0000000000010233731393320388
0.000000000001023344879935336
0.000000000001023313160339899
0.0000000000010232787134116404
0.0000000000010232422980145178
0.000000000001023204671630662
0.0000000000010231665648957756
0.0000000000010231286591989424
0.0000000000010230915682188137
0.0000000000010230558239845424
0.0000000000010230218677148708
0.000000000001022990045393822
0.000000000001022960607769446
0.0000000000010229337142580976
0.0000000000010229094400556513
0.0000000000010228877856771357
0.000000000001022868688129083
0.000000000001022852032918179
0.0000000000010228376661922123
0.000000000001022825406408548
0.0000000000010228150550604053
0.0000000000010228064061134973
0.0000000000010227992539443118
0.0000000000010227933997101656
0.0000000000010227886561500492
0.0000000000010227848509236938
0.000000000001022781828647633
0.0000000000010227794518223761
0.0000000000010227776008512832
0.000000000001022776173379967
0.0000000000010227750831328024
0.0000000000010227742584353717
0.000000000001022773640566396
0.0000000000010227731820561757
0.0000000000010227728450252717
0.0000000000010227725996254204
0.0000000000010227724226234553
0.0000000000010227722961523633
0.0000000000010227722066287406
0.0000000000010227721438498668
0.0000000000010227721002353338
0.0000000000010227720702140898
0.0000000000010227720497424573
0.0000000000010227720359087748
0.0000000000010227720265914035
0.0000000000010227720160179
0.0000000000010227720142255642
0.0000000000010227720227972853
0.0000000000010227720300961752
0.0000000000010227720409320195
0.0000000000010227720569790103
0.0000000000010227720805260664
0.0000000000010227721147596318
0.0000000000010227721640668735
0.0000000000010227722344271294
0.0000000000010227723338943466
0.000000000001022772473195916
0.0000000000010227726664579478
0.0000000000010227729320641295
0.0000000000010227732936513084
0.0000000000010227737812447421
0.0000000000010227744325055027
0.0000000000010227752940652571
0.0000000000010227764228979866
0.0000000000010227778876534604
0.0000000000010227797698626343
0.0000000000010227821648964277
0.0000000000010227851825345985
0.0000000000010227889469928458
0.0000000000010227935962353382
0.0000000000010227992804029124
0.000000000001022806159199517
0.0000000000010228143981119527
0.0000000000010228241633655698
0.0000000000010228356156194358
0.0000000000010228489024367572
0.0000000000010228641497081304
0.0000000000010228814522925107
0.0000000000010229008642400377
0.0000000000010229223890909478
0.000000000001022945970803526
0.0000000000010229714859502053
0.0000000000010229987378278897
0.0000000000010230274531086922
0.0000000000010230572816075952
0.0000000000010230877995771415
0.0000000000010231185168223864
0.0000000000010231488876685664
0.0000000000010231783255840565
0.0000000000010232062210331098
0.0000000000010232319618474143
0.0000000000010232549552087938
0.000000000001023274650169255
0.0000000000010232905595126775
0.0000000000010233022797680179
0.000000000001023309508212732
0.0000000000010233120558727442
0.0000000000010233098557349907
0.0000000000010233029656851438
0.0000000000010232915659658553
0.0000000000010232759513437969
0.0000000000010232565184347693
0.0000000000010232337489595645
0.000000000001023208189920683
0.000000000001023180431828205
0.0000000000010231510861916626
0.00000000000102312076345822
0.0000000000010230900524863658
0.0000000000010230595024910389
0.000000000001023029608154584
0.0000000000010230007983860834
0.000000000001022973428926668
0.0000000000010229477787735365
0.0000000000010229240501720075
0.0000000000010229023717524735
0.0000000000010228828042536587
0.0000000000010228653482107284
0.0000000000010228499529514226
0.0000000000010228365262775689
0.0000000000010228249442487666
0.000000000001022815060587866
0.000000000001022806715328951
0.0000000000010227997424230017
0.0000000000010227939761435384
0.0000000000010227892562178422
0.0000000000010227854317022126
0.0000000000010227823636744823
0.0000000000010227799268761557
0.0000000000010227780104621227
0.000000000001022776518017539
0.0000000000010227753670254871
0.0000000000010227744879297376
0.0000000000010227738229447186
0.0000000000010227733247258769
0.0000000000010227729550013456
0.0000000000010227726832290119
0.0000000000010227724853420325
0.0000000000010227723426087592
0.0000000000010227722406209514
0.0000000000010227721684283781
0.0000000000010227721178018932
0.0000000000010227720826288962
0.0000000000010227720584192249
0.0000000000010227720419080728
0.0000000000010227720307528595
0.0000000000010227720232353595
0.0000000000010227720147151029
0.0000000000010227720132181364
0.0000000000010227720200685338
0.0000000000010227720258960653
0.0000000000010227720345472074
0.000000000001022772047361992
0.0000000000010227720661644782
0.0000000000010227720934995413
0.000000000001022772132871104
0.0000000000010227721890556427
0.000000000001022772268483995
0.0000000000010227723797224428
0.0000000000010227725340532946
0.000000000001022772746157194
0.0000000000010227730349133342
0.000000000001022773424300354
0.0000000000010227739443978078
0.0000000000010227746324500674
0.0000000000010227755339616597
0.0000000000010227767037655607
0.0000000000010227782069828123
0.0000000000010227801197916883
0.0000000000010227825298807817
0.000000000001022785536472894
0.0000000000010227892497745334
0.0000000000010227937897217983
0.000000000001022799283894022
0.000000000001022805864493891
0.000000000001022813664319737
0.000000000001022822811727124
0.000000000001022833424615653
0.0000000000010228456035785917
0.0000000000010228594244235991
0.0000000000010228749303657561
0.000000000001022892124273284
0.0000000000010229109614212328
0.0000000000010229313432597866
0.0000000000010229531127029218
0.0000000000010229760514575822
0.000000000001022999879830226
0.000000000001023024259365315
0.0000000000010230487985229558
0.0000000000010230730614363527
0.0000000000010230965795971477
0.0000000000010231188661105217
0.0000000000010231394319629102
0.0000000000010231578035866216
0.000000000001023173540838214
0.0000000000010231862544651996
0.000000000001023195622088761
0.000000000001023201401788654
0.0000000000010232034424855865
0.0000000000010232016905104658
0.0000000000010231961919505053
0.0000000000010231870906306104
0.0000000000010231746218642007
0.0000000000010231591023326582
0.0000000000010231409167251107
0.0000000000010231205019036696
0.0000000000010230983295220565
0.0000000000010230748880425467
0.000000000001023050665116199
0.0000000000010230261311859195
0.00000000000102300172505577
0.0000000000010229778419949733
0.0000000000010229548247472823
0.0000000000010229329576195296
0.000000000001022912463618627
0.0000000000010228935044310933
0.0000000000010228761829340268
0.0000000000010228605477522125
0.0000000000010228465994041158
0.0000000000010228342974828022
0.000000000001022823568390253
0.0000000000010228143131552902
0.0000000000010228064149464524
0.00000000000102279974598327
0.000000000001022794173616756
0.0000000000010227895654421442
0.0000000000010227857934107608
0.0000000000010227827369173474
0.0000000000010227802849580828
0.0000000000010227783374465726
0.0000000000010227768058077445
0.000000000001022775612997288
0.000000000001022774693073337
0.0000000000010227739904506938
0.0000000000010227734589491264
0.000000000001022773060733652
0.0000000000010227727652163118
0.0000000000010227725479882509
0.0000000000010227723898147511
0.000000000001022772275725326
0.000000000001022772194203248
0.0000000000010227721364956797
0.000000000001022772096026741
0.0000000000010227720679112537
0.0000000000010227720485582305
0.0000000000010227720353592665
0.0000000000010227720264416466
0.0000000000010227720204322061
0.0000000000010227720136249598
0.0000000000010227720123863287
0.0000000000010227720178137477
0.0000000000010227720224270053
0.0000000000010227720292734952
0.000000000001022772039416294
0.0000000000010227720542978056
0.0000000000010227720759334894
0.0000000000010227721070969834
0.000000000001022772151567827
0.000000000001022772214438047
0.0000000000010227723024882179
0.0000000000010227724246484003
0.0000000000010227725925433749
0.0000000000010227728211155295
0.0000000000010227731293485752
0.0000000000010227735410568327
0.000000000001022774085724663
0.0000000000010227747993792761
0.0000000000010227757254318232
0.0000000000010227769154421018
0.0000000000010227784297233327
0.0000000000010227803377045267
0.000000000001022782717948815
0.0000000000010227856577185875
0.0000000000010227892519820977
0.0000000000010227936017626982
0.000000000001022798811748467
0.000000000001022804987103504
0.000000000001022812229475514
0.0000000000010228206322426679
0.0000000000010228302750789755
0.0000000000010228412180401795
0.0000000000010228534953765568
0.0000000000010228671093947448
0.0000000000010228820247196219
0.0000000000010228981633571196
0.0000000000010229154009619325
0.0000000000010229335647232129
0.0000000000010229524332129018
0.0000000000010229717384669118
0.000000000001022991170485118
0.0000000000010230103841599228
0.00000000000102302900853262
0.0000000000010230466580727172
0.000000000001023062945563897
0.0000000000010230774960015304
0.0000000000010230899608349202
0.0000000000010231000317937018
0.000000000001023107453540115
0.0000000000010231120344308988
0.0000000000010231136547367587
0.0000000000010231122718510052
0.0000000000010231079221459768
0.0000000000010231007193870308
0.000000000001023090849783892
0.0000000000010230785639906852
0.000000000001023064166523908
0.0000000000010230480032385293
0.0000000000010230304475590607
0.0000000000010230118862528758
0.0000000000010229927054705449
0.000000000001022973277760747
0.0000000000010229539506457658
0.0000000000010229350371917309
0.000000000001022916808887923
0.0000000000010228994909588928
0.0000000000010228832600886932
0.0000000000010228682444077787
0.000000000001022854525466515
0.0000000000010228421418502246
0.000000000001022831094034607
0.0000000000010228213500809854
0.0000000000010228128517515414
0.0000000000010228055207028236
0.000000000001022799264439425
0.0000000000010227939817848448
0.0000000000010227895676967661
0.0000000000010227859173237294
0.0000000000010227829292546294
0.000000000001022780507970993
0.0000000000010227785655562936
0.000000000001022777022736205
0.0000000000010227758093520428
0.0000000000010227748643786504
0.0000000000010227741355820154
0.0000000000010227735789307541
0.0000000000010227731578442116
0.0000000000010227728423501621
0.0000000000010227726082174436
0.0000000000010227724361094715
0.000000000001022772310787955
0.0000000000010227722203928669
0.0000000000010227721558004194
0.0000000000010227721100771313
0.00000000000102277207801175
0.000000000001022772055734012
0.0000000000010227720404004117
0.000000000001022772029940876
0.0000000000010227720228739195
0.000000000001022772018114597
0.000000000001022772012722507
0.0000000000010227720117073011
0.000000000001022772015973484
0.0000000000010227720195913576
0.0000000000010227720249612902
0.000000000001022772032916524
0.00000000000102277204459263
0.0000000000010227720615666907
0.0000000000010227720860177857
0.0000000000010227721209089837
0.0000000000010227721702354848
0.0000000000010227722393200867
0.00000000000102277233516906
0.0000000000010227724669025265
0.000000000001022772646247937
0.0000000000010227728881023074
0.0000000000010227732111512688
0.0000000000010227736385341363
0.0000000000010227741985232115
0.000000000001022774925186561
0.0000000000010227758589873115
0.000000000001022777047260806
0.0000000000010227785444957461
0.0000000000010227804123526316
0.0000000000010227827193200526
0.0000000000010227855399371013
0.0000000000010227889534986682
0.0000000000010227930421772357
0.0000000000010227978885230417
0.000000000001022803572331369
0.00000000000102281016690693
0.0000000000010228177348073385
0.0000000000010228263231914165
0.0000000000010228359589699056
0.0000000000010228466439835011
0.0000000000010228583504994751
0.0000000000010228710173337915
0.0000000000010228845469249046
0.0000000000010228988036699053
0.0000000000010229136138034105
0.0000000000010229287670323987
0.0000000000010229440200652188
0.000000000001022959102050632
0.000000000001022973721834932
0.0000000000010229875768232261
0.000000000001023000363083656
0.0000000000010230117862596733
0.0000000000010230215727436287
0.0000000000010230294805311522
0.000000000001023035309152612
0.000000000001023038908116148
0.0000000000010230401833685377
0.0000000000010230391013764642
0.0000000000010230356905980024
0.0000000000010230300402339365
0.0000000000010230222963522481
0.000000000001023012655610046
0.0000000000010230013569574377
0.0000000000010229886718059884
0.000000000001022974893227277
0.0000000000010229603247860275
0.0000000000010229452695825265
0.0000000000010229300200632328
0.0000000000010229148490452873
0.000000000001022900002315102
0.000000000001022885693035807
0.0000000000010228720980616978
0.0000000000010228593561494612
0.0000000000010228475679431296
0.0000000000010228367975205611
0.000000000001022827075225763
0.0000000000010228184014863066
0.0000000000010228107512723496
0.0000000000010228040789029945
0.000000000001022798322907867
0.000000000001022793410697478
0.0000000000010227892628622913
0.0000000000010227857969507428
0.0000000000010227829306569189
0.0000000000010227805843703316
0.0000000000010227786831050152
0.0000000000010227771578387621
0.0000000000010227759463320914
0.0000000000010227749935031883
0.0000000000010227742514372967
0.0000000000010227736791211113
0.000000000001022773241983519
0.0000000000010227729112997421
0.0000000000010227726635349393
0.0000000000010227724796628532
0.0000000000010227723444984801
0.000000000001022772246077179
0.0000000000010227721750841003
0.0000000000010227721243541906
0.00000000000102277208844317
0.0000000000010227720632602942
0.000000000001022772045762377
0.0000000000010227720337178195
0.0000000000010227720255042171
0.000000000001022772019954622
0.000000000001022772016212161
0.0000000000010227720119806536
0.0000000000010227720111574433
0.0000000000010227720144709804
0.0000000000010227720172924361
0.0000000000010227720214704313
0.0000000000010227720276565849
0.000000000001022772036736193
0.0000000000010227720499371654
0.0000000000010227720689516146
0.0000000000010227720960863467
0.0000000000010227721344487025
0.000000000001022772188176965
0.0000000000010227722627218488
0.0000000000010227723651768472
0.0000000000010227725046631042
0.0000000000010227726927679868
0.00000000000102277294402821
0.0000000000010227732764405936
0.0000000000010227737119984256
0.0000000000010227742772031703
0.0000000000010227750035310524
0.0000000000010227759278052464
0.000000000001022777092416057
0.0000000000010227785453321774
0.000000000001022780339837456
0.0000000000010227825339221327
0.0000000000010227851892815721
0.0000000000010227883698491496
0.0000000000010227921398574598
0.0000000000010227965613969679
0.0000000000010228016915127852
0.0000000000010228075788901496
0.000000000001022814260240186
0.0000000000010228217565208208
0.00000000000102283006918962
0.0000000000010228391766979813
0.000000000001022849031471348
0.0000000000010228595576347647
0.0000000000010228706497163647
0.0000000000010228821725493082
0.0000000000010228939625476448
0.0000000000010229058304455024
0.0000000000010229175655300208
0.0000000000010229289412904537
0.0000000000010229397222995852
0.000000000001022949672086674
0.0000000000010229585616181185
0.0000000000010229661779943563
0.0000000000010229723328924153
0.0000000000010229768702956524
0.0000000000010229796730606144
0.0000000000010229806679480427
0.0000000000010229798287986756
0.0000000000010229771776815571
0.000000000001022972783927126
0.000000000001022966761113582
0.0000000000010229592621855079
0.000000000001022950473004019
0.0000000000010229406046987959
0.0000000000010229298852679778
0.000000000001022918550886739
0.0000000000010229068373878283
0.0000000000010228949723252519
0.0000000000010228831679962268
0.0000000000010228716156746505
0.000000000001022860481260552
0.0000000000010228499024098303
0.0000000000010228399871361812
0.0000000000010228308137970348
0.0000000000010228224322993076
0.000000000001022814866298493
0.0000000000010228081161625167
0.00000000000102280216244932
0.000000000001022796969641284
0.0000000000010227924899269982
0.0000000000010227886668393515
0.000000000001022785438597219
0.0000000000010227827410494964
0.0000000000010227805101536478
0.0000000000010227786839616629
0.0000000000010227772041217836
0.000000000001022776016920724
0.0000000000010227750739226905
0.000000000001022774332259896
0.0000000000010227737546417366
0.0000000000010227733091499258
0.0000000000010227729688763543
0.0000000000010227727114633026
0.00000000000102277251859497
0.0000000000010227723754599418
0.000000000001022772270240488
0.0000000000010227721936224532
0.0000000000010227721383556403
0.000000000001022772098862796
0.0000000000010227720709068608
0.0000000000010227720513007373
0.0000000000010227720376784556
0.000000000001022772028302098
0.0000000000010227720219077885
0.0000000000010227720175871024
0.0000000000010227720146711995
0.0000000000010227720113769553
0.0000000000010227720107172334
0.0000000000010227720132799298
0.0000000000010227720154499533
0.0000000000010227720186688842
0.0000000000010227720234403868
0.000000000001022772030440233
0.0000000000010227720406160242
0.0000000000010227720552728849
0.0000000000010227720761913573
0.0000000000010227721057638808
0.0000000000010227721471830961
0.0000000000010227722046509148
0.000000000001022772283635339
0.0000000000010227723911698539
0.0000000000010227725361887444
0.000000000001022772729898744
0.0000000000010227729861771211
0.0000000000010227733219818132
0.0000000000010227737577471198
0.0000000000010227743177444807
0.0000000000010227750303685762
0.0000000000010227759283071314
0.0000000000010227770485504018
0.0000000000010227784321889194
0.000000000001022780123946083
0.0000000000010227821713989615
0.0000000000010227846238571394
0.0000000000010227875308597159
0.0000000000010227909402996021
0.000000000001022794896178409
0.000000000001022799436055843
0.0000000000010228045882582278
0.0000000000010228103689658184
0.000000000001022816779323695
0.000000000001022823802734574
0.0000000000010228314025336999
0.0000000000010228395202294649
0.0000000000010228480745053518
0.000000000001022856961142162
0.0000000000010228660540024741
0.0000000000010228752071397691
0.0000000000010228842580648583
0.0000000000010228930320948517
0.0000000000010229013476703013
0.0000000000010229090224153471
0.0000000000010229158796823622
0.0000000000010229217552588965
0.0000000000010229265038786529
0.0000000000010229300051803181
0.0000000000010229321687778234
0.000000000001022932938137508
0.0000000000010229322930316713
0.000000000001022930250424801
0.000000000001022926863732116
0.0000000000010229222204960663
0.0000000000010229164386247405
0.0000000000010229096614231493
0.000000000001022902051690289
0.000000000001022893785247692
0.0000000000010228850442341816
0.000000000001022876010534529
0.0000000000010228668596619468
0.0000000000010228577553696923
0.0000000000010228488452071459
0.0000000000010228402571594569
0.000000000001022832097427696
0.0000000000010228244493588375
0.0000000000010228173734251654
0.0000000000010228109081522263
0.000000000001022805071817216
0.0000000000010227998647335379
0.0000000000010227952719291761
0.0000000000010227912660295006
0.0000000000010227878101740128
0.0000000000010227848608200624
0.0000000000010227823703235507
0.0000000000010227802892090022
0.0000000000010227785680821217
0.0000000000010227771591604283
0.0000000000010227760174352062
0.0000000000010227751014721555
0.0000000000010227743739089924
0.0000000000010227738016762097
0.0000000000010227733560061094
0.000000000001022773012275105
0.000000000001022772749724282
0.0000000000010227725511051977
0.000000000001022772402285732
0.000000000001022772291840413
0.0000000000010227722106497137
0.0000000000010227721515278819
0.0000000000010227721088813475
0.0000000000010227720784058512
0.0000000000010227720568334451
0.0000000000010227720417033785
0.0000000000010227720311918014
0.0000000000010227720239539064
0.0000000000010227720190212105
0.0000000000010227720156823117
0.0000000000010227720134343248
0.0000000000010227720108943938
0.0000000000010227720103730255
0.0000000000010227720123327167
0.0000000000010227720139897927
0.0000000000010227720164493595
0.0000000000010227720200936928
0.0000000000010227720254422024
0.0000000000010227720332180588
0.0000000000010227720444183115
0.0000000000010227720604007825
0.000000000001022772082999734
0.0000000000010227721146496345
0.000000000001022772158563063
0.0000000000010227722189202305
0.0000000000010227723010951025
0.000000000001022772411916452
0.000000000001022772559947982
0.0000000000010227727557972384
0.000000000001022773012424659
0.0000000000010227733454477357
0.0000000000010227737734191343
0.0000000000010227743180403168
0.0000000000010227750042976774
0.0000000000010227758604663282
0.0000000000010227769179554745
0.0000000000010227782109517002
0.0000000000010227797758260898
0.0000000000010227816502750306
0.0000000000010227838721717942
0.0000000000010227864781323271
0.0000000000010227895018020356
0.0000000000010227929719012144
0.0000000000010227969100967282
0.000000000001022801328772132
0.0000000000010228062288183863
0.0000000000010228115975650243
0.000000000001022817407003228
0.0000000000010228236124386416
0.0000000000010228301517272338
0.000000000001022836945218568
0.0000000000010228438965010835
0.0000000000010228508940201168
0.0000000000010228578135707345
0.0000000000010228645216223668
0.000000000001022870879380624
0.0000000000010228767474217591
0.0000000000010228819906953009
0.0000000000010228864836502462
0.00000000000102289011521323
0.0000000000010228927933414458
0.0000000000010228944489050569
0.0000000000010228950386459672
0.0000000000010228945470613687
0.0000000000010228929870778459
0.000000000001022890399487257
0.00000000000102288685117543
0.0000000000010228824322462972
0.0000000000010228772522229
0.0000000000010228714355410403
0.0000000000010228651165982868
0.0000000000010228584346314064
0.0000000000010228515286890205
0.0000000000010228445329610652
0.0000000000010228375726490573
0.0000000000010228307605748401
0.000000000001022824194607657
0.0000000000010228179559661283
0.0000000000010228121083961558
0.0000000000010228066981574013
0.0000000000010228017547286493
0.0000000000010227972921091218
0.0000000000010227933105571097
0.000000000001022789798645439
0.0000000000010227867354604439
0.0000000000010227840928309926
0.0000000000010227818374770452
0.0000000000010227799329774661
0.0000000000010227783415103035
0.0000000000010227770253113296
0.0000000000010227759478494543
0.0000000000010227750747093268
0.0000000000010227743742124863
0.0000000000010227738177888435
0.0000000000010227733801518935
0.0000000000010227730393044992
0.000000000001022772776415081
0.0000000000010227725756107028
0.000000000001022772423701061
0.0000000000010227723098765565
0.0000000000010227722254019724
0.0000000000010227721633022108
0.0000000000010227721180817725
0.0000000000010227720854623257
0.0000000000010227720621514509
0.0000000000010227720456509823
0.000000000001022772034077475
0.0000000000010227720260368546
0.0000000000010227720204996757
0.0000000000010227720167277801
0.0000000000010227720141781441
0.000000000001022772012451102
0.0000000000010227720105073327
0.0000000000010227720100975077
0.0000000000010227720115922632
0.0000000000010227720128387043
0.0000000000010227720147040165
0.0000000000010227720174628446
0.0000000000010227720215168162
0.0000000000010227720274057214
0.0000000000010227720358880613
0.0000000000010227720479942634
0.0000000000010227720651111865
0.0000000000010227720890830735
0.0000000000010227721223465396
0.0000000000010227721680647755
0.0000000000010227722303097699
0.0000000000010227723142545042
0.000000000001022772426387069
0.0000000000010227725747436134
0.0000000000010227727691423866
0.0000000000010227730214158418
0.000000000001022773345619359
0.000000000001022773758195245
0.0000000000010227742780745947
0.0000000000010227749266803137
0.0000000000010227757278116048
0.000000000001022776707373186
0.0000000000010227778929235906
0.000000000001022779313029401
0.0000000000010227809963911014
0.0000000000010227829707585459
0.0000000000010227852616308509
0.0000000000010227878907791456
0.0000000000010227908746308097
0.000000000001022794222580169
0.0000000000010227979353148207
0.0000000000010228020032487908
0.000000000001022806405170943
0.0000000000010228111072307315
0.0000000000010228160623542654
0.0000000000010228212101990864
0.0000000000010228264777228275
0.0000000000010228317804060641
0.0000000000010228370241378878
0.000000000001022842107738884
0.0000000000010228469260388802
0.0000000000010228513733821876
0.0000000000010228553474240139
0.0000000000010228587530137714
0.0000000000010228615059644888
0.0000000000010228635365065742
0.000000000001022864792228979
0.0000000000010228652403242215
0.000000000001022864869011202
0.0000000000010228636880546434
0.0000000000010228617283344672
0.0000000000010228590405062066
0.0000000000010228556928228431
0.0000000000010228517682580913
0.0000000000010228473610901277
0.0000000000010228425731554837
0.0000000000010228375099588546
0.0000000000010228322768736254
0.0000000000010228269755926077
0.0000000000010228217010069289
0.0000000000010228165386261399
0.0000000000010228115626344549
0.000000000001022806834599369
0.0000000000010228024028486398
0.0000000000010227983024583502
0.0000000000010227945557882021
0.0000000000010227911734630802
0.0000000000010227881556962756
0.0000000000010227854938402965
0.0000000000010227831720561555
0.0000000000010227811690047941
0.0000000000010227794594706272
0.0000000000010227780158578445
0.0000000000010227768095045803
0.00000000000102277581179267
0.0000000000010227749950370877
0.0000000000010227743331548828
0.0000000000010227738021368154
0.0000000000010227733803282377
0.0000000000010227730485638156
0.0000000000010227727901691174
0.0000000000010227725908726015
0.000000000001022772438639333
0.0000000000010227723234728788
0.0000000000010227722371790143
0.0000000000010227721731344845
0.0000000000010227721260533597
0.000000000001022772091768518
0.0000000000010227720670369147
0.000000000001022772049364111
0.000000000001022772036852373
0.0000000000010227720280766909
0.0000000000010227720219830191
0.0000000000010227720177857805
0.000000000001022772014922649
0.000000000001022772012990004
0.0000000000010227720116770914
0.0000000000010227720102052516
0.0000000000010227720098875373
0.0000000000010227720110086493
0.0000000000010227720119585847
0.000000000001022772013355149
0.0000000000010227720154190554
0.0000000000010227720184604468
0.0000000000010227720228813851
0.0000000000010227720292508816
0.0000000000010227720383399422
0.0000000000010227720511897893
0.0000000000010227720691887204
0.0000000000010227720941636988
0.0000000000010227721284894595
0.0000000000010227721752248212
0.00000000000102277223825393
0.0000000000010227723224491727
0.0000000000010227724338438816
0.000000000001022772579811864
0.0000000000010227727692391247
0.0000000000010227730126817253
0.0000000000010227733224863064
0.0000000000010227737128707316
0.0000000000010227741999250795
0.0000000000010227748015234862
0.0000000000010227755371219185
0.0000000000010227764274205257
0.0000000000010227774938765629
0.0000000000010227787580479256
0.0000000000010227802407815949
0.0000000000010227819612341464
0.000000000001022783935763816
0.0000000000010227861767159623
0.0000000000010227886911552224
0.0000000000010227914796081016
0.000000000001022794534884706
0.0000000000010227978410657078
0.0000000000010228013727369573
0.0000000000010228050945513285
0.0000000000010228089611974332
0.0000000000010228129178215395
0.0000000000010228169009479455
0.0000000000010228208398953852
0.000000000001022824658668389
0.0000000000010228282782728142
0.0000000000010228316193444546
0.000000000001022834605003844
0.000000000001022837163768893
0.0000000000010228392323912084
0.0000000000010228407584484301
0.0000000000010228417025517685
0.0000000000010228420400357521
0.0000000000010228417620283494
0.000000000001022840875841112
0.0000000000010228394046451107
0.0000000000010228373864680797
0.0000000000010228348725590094
0.0000000000010228319252263126
0.0000000000010228286152762183
0.0000000000010228250191941996
0.0000000000010228212162275484
0.0000000000010228172855278477
0.0000000000010228133034885935
0.0000000000010228093413943471
0.0000000000010228054634892684
0.0000000000010228017255097325
0.0000000000010227981737177204
0.000000000001022794844431292
0.0000000000010227917640126649
0.0000000000010227889492720721
0.0000000000010227864082039291
0.0000000000010227841409802538
0.0000000000010227821411133578
0.0000000000010227803967157606
0.0000000000010227788917624205
0.0000000000010227776073163168
0.0000000000010227765226511147
0.0000000000010227756162377657
0.0000000000010227748665790898
0.0000000000010227742528771982
0.0000000000010227737555386762
0.0000000000010227733565253183
0.0000000000010227730395684752
0.0000000000010227727902696126
0.0000000000010227725961009915
0.0000000000010227724463380019
0.000000000001022772331939952
0.0000000000010227722453944922
0.0000000000010227721805456795
0.0000000000010227721324169454
0.0000000000010227720970347933
0.0000000000010227720712690092
0.0000000000010227720526824482
0.000000000001022772039400839
0.0000000000010227720299981018
0.0000000000010227720234029588
0.0000000000010227720188221457
0.0000000000010227720156625048
0.000000000001022772013512137
0.000000000001022772012057491
0.0000000000010227720110737456
0.0000000000010227720099716304
0.0000000000010227720097265196
0.0000000000010227720105640923
0.000000000001022772011256029
0.0000000000010227720122974678
0.0000000000010227720138393824
0.000000000001022772016106349
0.0000000000010227720193980324
0.000000000001022772024135813
0.0000000000010227720309000647
0.0000000000010227720404640693
0.000000000001022772053858691
0.0000000000010227720724452271
0.000000000001022772097991043
0.0000000000010227721327740592
0.0000000000010227721796837585
0.0000000000010227722423473597
0.0000000000010227723252559274
0.0000000000010227724338981827
0.000000000001022772574888306
0.0000000000010227727560844129
0.0000000000010227729866771437
0.000000000001022773277252112
0.0000000000010227736397862086
0.0000000000010227740875867569
0.000000000001022774635138025
0.0000000000010227752978527814
0.0000000000010227760917049207
0.0000000000010227770327480943
0.0000000000010227781365047193
0.00000000000102277941724065
0.0000000000010227808871396945
0.0000000000010227825553978061
0.0000000000010227844272814073
0.0000000000010227865031900763
0.0000000000010227887777785453
0.00000000000102279123920387
0.0000000000010227938685520495
0.0000000000010227966395172151
0.0000000000010227995183701488
0.0000000000010228024642796074
0.000000000001022805429991921
0.0000000000010228083628864327
0.0000000000010228112063858002
0.0000000000010228139016742412
0.0000000000010228163896603338
0.0000000000010228186130996206
0.0000000000010228205187612463
0.000000000001022822059544592
0.0000000000010228231964038714
0.0000000000010228238999989807
0.0000000000010228241519459614
0.0000000000010228239456252032
0.0000000000010228232864598852
0.0000000000010228221916859929
0.000000000001022820689600898
0.0000000000010228188183494725
0.0000000000010228166243129243
0.0000000000010228141602009465
0.0000000000010228114829573838
0.0000000000010228086515840864
0.0000000000010228057250178857
0.0000000000010228027601391904
0.0000000000010227998100339635
0.0000000000010227969225430136
0.0000000000010227941391783542
0.0000000000010227914943944866
0.0000000000010227890152443998
0.0000000000010227867213688595
0.000000000001022784625293767
0.000000000001022782732982482
0.000000000001022781044569587
0.0000000000010227795552344271
0.0000000000010227782561289483
0.0000000000010227771353263781
0.0000000000010227761787300642
0.0000000000010227753709081277
0.0000000000010227746958319084
0.0000000000010227741374938025
0.0000000000010227736804081945
0.0000000000010227733099845238
0.0000000000010227730127902033
0.0000000000010227727767107085
0.0000000000010227725910219601
0.0000000000010227724463935312
0.0000000000010227723348410174
0.0000000000010227722496282467
0.000000000001022772185162335
0.0000000000010227721368565164
0.0000000000010227721010049036
0.0000000000010227720746475167
0.0000000000010227720554542465
0.0000000000010227720416073914
0.0000000000010227720317132113
0.000000000001022772024708856
0.0000000000010227720197968896
0.0000000000010227720163845468
0.0000000000010227720140311029
0.000000000001022772012429513
0.0000000000010227720113565929
0.000000000001022772010621318
0.0000000000010227720097880523
0.0000000000010227720095970182
0.0000000000010227720102177748
0.0000000000010227720107361658
0.000000000001022772011503189
0.0000000000010227720126392087
0.000000000001022772014310087
0.0000000000010227720167377879
0.0000000000010227720202334887
0.0000000000010227720252242652
0.0000000000010227720322770492
0.0000000000010227720421578713
0.0000000000010227720558693318
0.0000000000010227720747154625
0.0000000000010227721003747529
0.00000000000102277213498176
0.0000000000010227721812111538
0.000000000001022772242377308
0.0000000000010227723225290587
0.0000000000010227724265473115
0.000000000001022772560230453
0.0000000000010227727303598873
0.0000000000010227729447463473
0.0000000000010227732122287517
0.0000000000010227735426265287
0.000000000001022773946628581
0.0000000000010227744356097415
0.0000000000010227750213587915
0.000000000001022775715724957
0.0000000000010227765301635728
0.0000000000010227774752065356
0.000000000001022778559848324
0.0000000000010227797908793588
0.0000000000010227811721917261
0.0000000000010227827040849359
0.0000000000010227843826205271
0.0000000000010227861990648381
0.0000000000010227881394666664
0.0000000000010227901844190558
0.0000000000010227923090349088
0.0000000000010227944831880043
0.0000000000010227966720073825
0.0000000000010227988366647515
0.0000000000010228009354043098
0.0000000000010228029248222258
0.0000000000010228047613045301
0.000000000001022806402600667
0.0000000000010228078094189315
0.0000000000010228089469899737
0.000000000001022809786487956
0.0000000000010228103062467972
0.0000000000010228104926881366
0.000000000001022810340911683
0.0000000000010228098549073171
0.0000000000010228090473843903
0.000000000001022807939213583
0.0000000000010228065585396668
0.0000000000010228049395821918
0.000000000001022803121238176
0.0000000000010228011455305645
0.0000000000010227990560032287
0.0000000000010227968961540935
0.0000000000010227947079686398
0.000000000001022792530628249
0.0000000000010227903994499816
0.0000000000010227883450767117
0.0000000000010227863929480786
0.0000000000010227845630368
0.0000000000010227828698478527
0.0000000000010227813226333435
0.0000000000010227799258012886
0.0000000000010227786794577046
0.0000000000010227775800484657
0.0000000000010227766210487718
0.0000000000010227757936594504
0.0000000000010227750874777045
0.0000000000010227744911144288
0.0000000000010227739927414037
0.0000000000010227735805440219
0.000000000001022773243091493
0.0000000000010227729696152259
0.000000000001022772750199412
0.0000000000010227725759013908
0.0000000000010227724388050346
0.0000000000010227723320227356
0.0000000000010227722496596438
0.0000000000010227721867437402
0.0000000000010227721391443609
0.0000000000010227721034778887
0.000000000001022772077004814
0.0000000000010227720575436009
0.0000000000010227720433702107
0.000000000001022772033146429
0.0000000000010227720258410547
0.0000000000010227720206680178
0.0000000000010227720170396484
0.0000000000010227720145163725
0.000000000001022772012787749
0.000000000001022772011606013
0.0000000000010227720108047669
0.0000000000010227720102593039
0.0000000000010227720096435257
0.0000000000010227720095020113
0.000000000001022772009965086
0.0000000000010227720103492689
0.0000000000010227720108977403
0.0000000000010227720117306552
0.0000000000010227720129536712
0.0000000000010227720147260747
0.0000000000010227720172818974
0.0000000000010227720209318751
0.0000000000010227720260897382
0.000000000001022772033314267
0.0000000000010227720433404487
0.0000000000010227720571223923
0.0000000000010227720758860093
0.0000000000010227721011919007
0.0000000000010227721349981883
0.0000000000010227721797272622
0.0000000000010227722383417613
0.000000000001022772314411055
0.0000000000010227724121738225
0.0000000000010227725365939641
0.000000000001022772693381893
0.0000000000010227728890026131
0.000000000001022773130640035
0.0000000000010227734261134076
0.0000000000010227737837418314
0.000000000001022774212150781
0.000000000001022774720008528
0.000000000001022775315695782
0.0000000000010227760069190453
0.0000000000010227768002605094
0.0000000000010227777006911232
0.0000000000010227787110602177
0.0000000000010227798315912032
0.00000000000102278105940772
0.000000000001022782388126396
0.0000000000010227838075463324
0.000000000001022785303473882
0.0000000000010227868577106337
0.0000000000010227884482205702
0.0000000000010227900494988668
0.0000000000010227916331432844
0.000000000001022793168609379
0.0000000000010227946241448907
0.0000000000010227959678434237
0.0000000000010227971687936203
0.0000000000010227981982463093
0.0000000000010227990307610263
0.0000000000010227996452423595
0.0000000000010228000258324972
0.000000000001022800162588896
0.000000000001022800051916419
0.0000000000010227996967260913
0.0000000000010227991063047522
0.0000000000010227982959137377
0.00000000000102279728613341
0.000000000001022796101992456
0.000000000001022794771943313
0.0000000000010227933267243344
0.0000000000010227917981907271
0.0000000000010227902181647328
0.0000000000010227886173629808
0.0000000000010227870244543874
0.0000000000010227854652803394
0.0000000000010227839622630354
0.0000000000010227825340197905
0.0000000000010227811951676921
0.0000000000010227799563245488
0.0000000000010227788242643248
0.0000000000010227778022170712
0.0000000000010227768902648046
0.0000000000010227760858110214
0.0000000000010227753840852954
0.0000000000010227747786527016
0.0000000000010227742619034325
0.0000000000010227738255082628
0.0000000000010227734608115665
0.0000000000010227731591721554
0.0000000000010227729122262044
0.0000000000010227727120947437
0.000000000001022772551522555
0.0000000000010227724239667485
0.0000000000010227723236339642
0.000000000001022772245485298
0.0000000000010227721852075791
0.0000000000010227721391609158
0.0000000000010227721043246013
0.0000000000010227720782192566
0.0000000000010227720588446972
0.0000000000010227720446002046
0.0000000000010227720342274195
0.0000000000010227720267436637
0.0000000000010227720213984688
0.0000000000010227720176108364
0.0000000000010227720149582968
0.0000000000010227720131089673
0.0000000000010227720118370077
0.0000000000010227720109807944
0.0000000000010227720103930812
0.0000000000010227720099974532
0.0000000000010227720095367477
0.0000000000010227720094450573
0.0000000000010227720097807882
0.0000000000010227720100396438
0.0000000000010227720104449423
0.000000000001022772011046271
0.0000000000010227720119374506
0.00000000000102277201322143
0.000000000001022772015070601
0.0000000000010227720177180791
0.000000000001022772021458754
0.000000000001022772026694464
0.000000000001022772033960662
0.0000000000010227720439497612
0.0000000000010227720575517921
0.0000000000010227720758941456
0.0000000000010227721003985808
0.0000000000010227721328216382
0.0000000000010227721753103112
0.000000000001022772230451102
0.00000000000102277230131946
0.0000000000010227723915123218
0.0000000000010227725051708962
0.000000000001022772646982717
0.0000000000010227728221552153
0.0000000000010227730363584871
0.0000000000010227732956252604
0.0000000000010227736062102434
0.0000000000010227739743993463
0.0000000000010227744062700418
0.000000000001022774907410989
0.0000000000010227754825984553
0.0000000000010227761354376727
0.0000000000010227768679970023
0.0000000000010227776804429828
0.000000000001022778570692933
0.0000000000010227795341204108
0.0000000000010227805633332604
0.000000000001022781648043094
0.0000000000010227827750566065
0.0000000000010227839283988644
0.000000000001022785089579071
0.0000000000010227862380014512
0.0000000000010227873515208816
0.0000000000010227884071109902
0.0000000000010227893816350849
0.0000000000010227902526765625
0.0000000000010227909993849558
0.000000000001022791603307174
0.0000000000010227920491426831
0.000000000001022792325383658
0.0000000000010227924248154663
0.0000000000010227923448242605
0.0000000000010227920875130442
0.000000000001022791659610325
0.000000000001022791072177005
0.0000000000010227903401299823
0.0000000000010227894816170315
0.0000000000010227885172656107
0.0000000000010227874693639135
0.0000000000010227863610119379
0.0000000000010227852152862092
0.0000000000010227840544621559
0.0000000000010227828993318556
0.0000000000010227817686380366
0.0000000000010227806786445279
0.0000000000010227796428552636
0.0000000000010227786718755925
0.0000000000010227777734072863
0.0000000000010227769523688953
0.0000000000010227762111052946
0.0000000000010227755496786356
0.000000000001022774966210308
0.0000000000010227744572410735
0.0000000000010227740181071997
0.0000000000010227736432915125
0.0000000000010227733267541916
0.0000000000010227730622203308
0.0000000000010227728434210104
0.0000000000010227726642915149
0.0000000000010227725191185487
0.0000000000010227724026390219
0.0000000000010227723101090159
0.0000000000010227722373250602
0.000000000001022772180633959
0.0000000000010227721369058417
0.0000000000010227721035020282
0.0000000000010227720782280831
0.000000000001022772059291308
0.0000000000010227720452339358
0.000000000001022772034900258
0.0000000000010227720273750186
0.0000000000010227720219468124
0.000000000001022772018064083
0.0000000000010227720153176658
0.000000000001022772013393691
0.000000000001022772012050404
0.0000000000010227720111290675
0.0000000000010227720104938887
0.0000000000010227720100751803
0.0000000000010227720098030285
0.0000000000010227720094618218
0.0000000000010227720093789466
0.0000000000010227720096206675
0.000000000001022772009822122
0.000000000001022772010113875
0.000000000001022772010546797
0.0000000000010227720111867577
0.0000000000010227720121077474
0.0000000000010227720134349028
0.0000000000010227720153370492
0.0000000000010227720180218592
0.0000000000010227720217858914
0.0000000000010227720270065203
0.000000000001022772034182488
0.0000000000010227720439537428
0.000000000001022772057134609
0.0000000000010227720747404802
0.000000000001022772098036711
0.0000000000010227721285660535
0.0000000000010227721681865738
0.0000000000010227722191082885
0.000000000001022772283916159
0.000000000001022772365587114
0.0000000000010227724674889336
0.0000000000010227725933655436
0.0000000000010227727472901525
0.0000000000010227729336008551
0.0000000000010227731567921473
0.0000000000010227734213821774
0.0000000000010227737317407067
0.0000000000010227740918852706
0.0000000000010227745052499803
0.000000000001022774974426551
0.0000000000010227755009059228
0.0000000000010227760848080257
0.0000000000010227767246392048
0.0000000000010227774170763613
0.000000000001022778156808959
0.0000000000010227789364441173
0.0000000000010227797465037974
0.0000000000010227805755053853
0.000000000001022781410161377
0.0000000000010227822356693145
0.000000000001022783036112297
0.0000000000010227837949403676
0.0000000000010227844955233203
0.0000000000010227851217448473
0.000000000001022785658617561
0.0000000000010227860928740714
0.0000000000010227864135118805
0.0000000000010227866122571595
0.0000000000010227866839173768
0.0000000000010227866266087409
0.0000000000010227864418388247
0.0000000000010227861344388876
0.0000000000010227857123544181
0.0000000000010227851863060235
0.0000000000010227845693328471
0.0000000000010227838762600314
0.0000000000010227831231079275
0.0000000000010227823264790704
0.0000000000010227815029615987
0.000000000001022780668568543
0.000000000001022779838247287
0.0000000000010227790254712902
0.0000000000010227782419352225
0.0000000000010227774973481324
0.000000000001022776799335501
0.0000000000010227761534376978
0.0000000000010227755631926584
0.0000000000010227750302873685
0.00000000000102277455477072
0.000000000001022774135292147
0.0000000000010227737693691037
0.0000000000010227734536484797
0.0000000000010227731841664544
0.0000000000010227729565814349
0.000000000001022772766382144
0.0000000000010227726090641337
0.0000000000010227724802674545
0.0000000000010227723758833274
0.0000000000010227722921299438
0.0000000000010227722255965448
0.0000000000010227721732609306
0.0000000000010227721324960086
0.0000000000010227721010517338
0.0000000000010227720770313067
0.0000000000010227720588573162
0.000000000001022772045238199
0.0000000000010227720351301765
0.0000000000010227720276994206
0.0000000000010227720222863842
0.0000000000010227720183857025
0.000000000001022772015594373
0.0000000000010227720136162536
0.0000000000010227720122304422
0.0000000000010227720112619756
0.0000000000010227720106083503
0.000000000001022772010159457
0.0000000000010227720098431426
0.0000000000010227720096435178
0.000000000001022772009403204
0.0000000000010227720093369979
0.000000000001022772009514312
0.0000000000010227720096464737
0.0000000000010227720098629854
0.0000000000010227720101888556
0.0000000000010227720106287184
0.0000000000010227720112826
0.000000000001022772012233389
0.0000000000010227720135887404
0.0000000000010227720155003546
0.0000000000010227720181799022
0.0000000000010227720218986657
0.0000000000010227720270088445
0.0000000000010227720339670248
0.0000000000010227720433537002
0.0000000000010227720558934303
0.0000000000010227720724852228
0.0000000000010227720942289112
0.0000000000010227721224477672
0.000000000001022772158716288
0.0000000000010227722048761212
0.0000000000010227722630467452
0.0000000000010227723356287404
0.000000000001022772425287802
0.0000000000010227725349277354
0.0000000000010227726676371737
0.0000000000010227728266192195
0.0000000000010227730150928439
0.0000000000010227732361730126
0.000000000001022773492720727
0.0000000000010227737871851013
0.0000000000010227741214122481
0.0000000000010227744964668485
0.000000000001022774912435973
0.0000000000010227753682555891
0.0000000000010227758615617965
0.0000000000010227763885721448
0.0000000000010227769440228802
0.0000000000010227775211596959
0.000000000001022778111806786
0.0000000000010227787064973311
0.000000000001022779294685027
0.0000000000010227798650318
0.0000000000010227804057446933
0.0000000000010227809049760234
0.0000000000010227813512409183
0.000000000001022781733860683
0.0000000000010227820433789214
0.0000000000010227822719551495
0.0000000000010227824136904244
0.0000000000010227824648818793
0.0000000000010227824241848186
0.0000000000010227822926688535
0.0000000000010227820737730989
0.0000000000010227817731552493
0.000000000001022781398450824
0.0000000000010227809589482993
0.0000000000010227804652090953
0.0000000000010227799286470373
0.0000000000010227793610900444
0.0000000000010227787743570572
0.0000000000010227781798591198
0.0000000000010227775882475912
0.0000000000010227770091233644
0.0000000000010227764508209685
0.0000000000010227759202607041
0.0000000000010227754228768834
0.0000000000010227749626208222
0.0000000000010227745420134994
0.0000000000010227741622602235
0.0000000000010227738233965153
0.000000000001022773524462056
0.0000000000010227732636885719
0.0000000000010227730386887844
0.0000000000010227728466367938
0.0000000000010227726844415231
0.0000000000010227725488884397
0.0000000000010227724367673362
0.0000000000010227723449725693
0.000000000001022772270575813
0.0000000000010227722108824533
0.0000000000010227721634607656
0.000000000001022772126158642
0.0000000000010227720971022469
0.0000000000010227720746898556
0.0000000000010227720575687812
0.0000000000010227720446141243
0.0000000000010227720349066269
0.000000000001022772027701811
0.0000000000010227720224060984
0.0000000000010227720185482383
0.0000000000010227720157625987
0.0000000000010227720137773287
0.000000000001022772012372222
0.0000000000010227720113855555
0.0000000000010227720106852241
0.0000000000010227720102191935
0.000000000001022772009891376
0.0000000000010227720096739993
0.0000000000010227720095160472
0.0000000000010227720093619044
0.0000000000010227720093080332
0.000000000001022772009436102
0.000000000001022772009560113
0.0000000000010227720096749078
0.0000000000010227720098925876
0.0000000000010227720102237836
0.0000000000010227720106837103
0.0000000000010227720113650612
0.0000000000010227720123100278
0.0000000000010227720136626034
0.0000000000010227720155574139
0.0000000000010227720181809006
0.0000000000010227720217892512
0.000000000001022772026700899
0.0000000000010227720333259863
0.0000000000010227720421787356
0.0000000000010227720538930404
0.0000000000010227720692422075
0.0000000000010227720891647073
0.0000000000010227721147705194
0.000000000001022772147359884
0.000000000001022772188428938
0.0000000000010227722396738211
0.000000000001022772302976472
0.0000000000010227723803871164
0.0000000000010227724740873596
0.0000000000010227725863395126
0.0000000000010227727194170746
0.000000000001022772875519061
0.0000000000010227730566678046
0.0000000000010227732645919636
0.0000000000010227735005985533
0.0000000000010227737654376546
0.0000000000010227740591732656
0.0000000000010227743810549637
0.000000000001022774729414841
0.000000000001022775101582408
0.0000000000010227754938420853
0.0000000000010227759014258205
0.0000000000010227763185597007
0.0000000000010227767385591268
0.000000000001022777153978362
0.000000000001022777556808943
0.000000000001022777938722935
0.0000000000010227782913523678
0.0000000000010227786065870386
0.0000000000010227788768816343
0.0000000000010227790955586919
0.000000000001022779257077009
0.0000000000010227793572691843
0.0000000000010227793935180807
0.000000000001022779364871074
0.0000000000010227792720808796
0.0000000000010227791175753687
0.0000000000010227789053455376
0.0000000000010227786407837655
0.0000000000010227783304482708
0.0000000000010227779817964647
0.0000000000010227776028889681
0.0000000000010227772020792491
0.0000000000010227767877140097
0.0000000000010227763678539719
0.0000000000010227759500210712
0.000000000001022775540998306
0.000000000001022775146673109
0.000000000001022774771933406
0.0000000000010227744206209151
0.0000000000010227740955251413
0.0000000000010227737984298335
0.0000000000010227735301866903
0.0000000000010227732908225807
0.0000000000010227730796597883
0.0000000000010227728954506483
0.0000000000010227727365085486
0.0000000000010227726008399134
0.00000000000102277248626044
0.0000000000010227723904997708
0.0000000000010227723112921624
0.0000000000010227722464421407
0.000000000001022772193883267
0.000000000001022772151710618
0.0000000000010227721182077253
0.0000000000010227720918531875
0.0000000000010227720713245563
0.0000000000010227720554901967
0.0000000000010227720433920508
0.0000000000010227720342400286
0.0000000000010227720273824864
0.0000000000010227720222896757
0.0000000000010227720185492262
0.0000000000010227720158211938
0.000000000001022772013851738
0.0000000000010227720124475126
0.000000000001022772011451253
0.0000000000010227720107636136
0.0000000000010227720102703422
0.0000000000010227720099265878
0.0000000000010227720097061176
0.0000000000010227720095622402
0.0000000000010227720094548976
0.000000000001022772009321622
0.0000000000010227720092945413
0.000000000001022772009402455
0.00000000000102277200945653
0.000000000001022772009562086
0.0000000000010227720097063314
0.000000000001022772009924749
0.000000000001022772010254715
0.0000000000010227720107257837
0.0000000000010227720113996449
0.0000000000010227720123419326
0.000000000001022772013663795
0.0000000000010227720155018193
0.0000000000010227720180252313
0.000000000001022772021464744
0.0000000000010227720261000325
0.000000000001022772032294966
0.0000000000010227720404920278
0.0000000000010227720512326827
0.000000000001022772065175145
0.0000000000010227720830936629
0.0000000000010227721058995074
0.000000000001022772134640646
0.0000000000010227721705032745
0.0000000000010227722148065816
0.000000000001022772268982441
0.0000000000010227723345597165
0.0000000000010227724131221378
0.000000000001022772506261182
0.0000000000010227726155164363
0.000000000001022772742304685
0.0000000000010227728878345262
0.0000000000010227730530228595
0.0000000000010227732383952687
0.000000000001022773443996882
0.0000000000010227736693040882
0.0000000000010227739131497446
0.0000000000010227741736643835
0.0000000000010227744482497594
0.000000000001022774733567971
0.0000000000010227750255783987
0.0000000000010227753196022017
0.0000000000010227756104272485
0.00000000000102277589244743
0.0000000000010227761598339274
0.0000000000010227764067279266
0.0000000000010227766274523485
0.000000000001022776816722847
0.0000000000010227769698648877
0.0000000000010227770829972829
0.000000000001022777153201905
0.0000000000010227771786447254
0.0000000000010227771586569168
0.0000000000010227770937640144
0.0000000000010227769856625694
0.0000000000010227768371474296
0.0000000000010227766519899707
0.000000000001022776434781592
0.0000000000010227761907421247
0.0000000000010227759255126392
0.0000000000010227756449417703
0.0000000000010227753548736997
0.0000000000010227750609498999
0.0000000000010227747684384076
0.000000000001022774482087391
0.0000000000010227742060196543
0.0000000000010227739436593704
0.0000000000010227736976952367
0.0000000000010227734700820343
0.0000000000010227732620693212
0.000000000001022773074254619
0.0000000000010227729066567394
0.0000000000010227727588028596
0.0000000000010227726298188925
0.0000000000010227725185254638
0.0000000000010227724235267298
0.0000000000010227723432942086
0.0000000000010227722762385103
0.000000000001022772220772977
0.0000000000010227721753607006
0.0000000000010227721385545877
0.000000000001022772109022054
0.000000000001022772085560461
0.0000000000010227720671040021
0.00000000000102277205272732
0.000000000001022772041636174
0.0000000000010227720331647489
0.000000000001022772026755359
0.0000000000010227720219529987
0.0000000000010227720183894014
0.0000000000010227720157636823
0.0000000000010227720138523862
0.000000000001022772012473992
0.0000000000010227720114904568
0.0000000000010227720108000463
0.000000000001022772010305968
0.0000000000010227720099706895
0.000000000001022772009751712
0.0000000000010227720095924164
0.0000000000010227720094574892
0.000000000001022772009403841
0.0000000000010227720093072394
0.000000000001022772009279752
0.0000000000010227720093263187
0.0000000000010227720094035116
0.0000000000010227720094571679
0.0000000000010227720095899984
0.000000000001022772009730068
0.0000000000010227720099657771
0.0000000000010227720102724885
0.0000000000010227720107469886
0.0000000000010227720113997097
0.0000000000010227720123106666
0.0000000000010227720135902988
0.0000000000010227720153400166
0.0000000000010227720177235057
0.0000000000010227720209408695
0.0000000000010227720252379843
0.0000000000010227720309225686
0.0000000000010227720383735555
0.0000000000010227720480444657
0.0000000000010227720604728579
0.0000000000010227720762937538
0.0000000000010227720962305815
0.0000000000010227721211091346
0.0000000000010227721518412268
0.0000000000010227721894246495
0.0000000000010227722349177014
0.0000000000010227722894196091
0.0000000000010227723540345793
0.0000000000010227724298320516
0.000000000001022772517793225
0.0000000000010227726187602557
0.000000000001022772733366107
0.0000000000010227728619788416
0.0000000000010227730046290332
0.0000000000010227731609536134
0.0000000000010227733301438333
0.0000000000010227735109043925
0.0000000000010227737014305869
0.0000000000010227738994087061
0.0000000000010227741020352442
0.0000000000010227743060635206
0.0000000000010227745078775314
0.000000000001022774703588086
0.0000000000010227748891497498
0.000000000001022775060497715
0.0000000000010227752136902403
0.0000000000010227753450628876
0.0000000000010227754513695005
0.0000000000010227755299168361
0.0000000000010227755786779133
0.0000000000010227755963786262
0.0000000000010227755825554454
0.0000000000010227755375700234
0.0000000000010227754625992748
0.0000000000010227753595815288
0.0000000000010227752311332961
0.000000000001022775080438835
0.0000000000010227749111204373
0.000000000001022774727092548
0.0000000000010227745324124617
0.0000000000010227743311358286
0.0000000000010227741271784141
0.0000000000010227739241954735
0.0000000000010227737254834614
0.0000000000010227735339036973
0.0000000000010227733518315958
0.0000000000010227731811353696
0.0000000000010227730231712475
0.000000000001022772878806784
0.0000000000010227727484589048
0.0000000000010227726321394007
0.0000000000010227725295211878
0.0000000000010227724399982556
0.0000000000010227723627529541
0.0000000000010227722968155364
0.0000000000010227722411271169
0.0000000000010227721945827923
0.0000000000010227721560830462
0.0000000000010227721245614974
0.0000000000010227720990130212
0.0000000000010227720785125214
0.0000000000010227720622264444
0.000000000001022772049414684
0.0000000000010227720394354262
0.0000000000010227720317364644
0.0000000000010227720258554435
0.0000000000010227720214076096
0.0000000000010227720180695355
0.0000000000010227720155974847
0.000000000001022772013779106
0.000000000001022772012448253
0.0000000000010227720114908324
0.0000000000010227720108163747
0.0000000000010227720103299707
0.0000000000010227720099992953
0.0000000000010227720097537653
0.0000000000010227720095935562
0.000000000001022772009484342
0.0000000000010227720094042388
0.0000000000010227720093721365
0.0000000000010227720092942846
0.000000000001022772009278893
0.0000000000010227720093247291
0.000000000001022772009372253
0.0000000000010227720094037057
0.000000000001022772009464067
0.0000000000010227720095932122
0.0000000000010227720097520384
0.0000000000010227720099697172
0.0000000000010227720102725683
0.0000000000010227720107270176
0.0000000000010227720113659794
0.0000000000010227720122343228
0.0000000000010227720134383086
0.0000000000010227720150757197
0.000000000001022772017289535
0.0000000000010227720202446455
0.0000000000010227720241525866
0.0000000000010227720292766933
0.0000000000010227720359251871
0.000000000001022772044472732
0.0000000000010227720553503804
0.000000000001022772069058718
0.0000000000010227720861657182
0.0000000000010227721072975282
0.0000000000010227721331411438
0.0000000000010227721644242201
0.0000000000010227722019024568
0.0000000000010227722463362587
0.000000000001022772298460279
0.0000000000010227723589501526
0.0000000000010227724283849096
0.0000000000010227725072010975
0.0000000000010227725956499355
0.0000000000010227726937556047
0.0000000000010227728012672664
0.000000000001022772917629378
0.000000000001022773041951038
0.0000000000010227731729927575
0.000000000001022773309161604
0.0000000000010227734485308712
0.0000000000010227735888686967
0.0000000000010227737276870573
0.0000000000010227738623109615
0.0000000000010227739899591074
0.0000000000010227741078336967
0.0000000000010227742132247289
0.0000000000010227743036102556
0.0000000000010227743767586445
0.0000000000010227744308147186
0.0000000000010227744643851812
0.000000000001022774476592134
0.0000000000010227744671156687
0.000000000001022774436203899
0.000000000001022774384666198
0.000000000001022774313835185
0.000000000001022774225508283
0.0000000000010227741218762724
0.0000000000010227740054307515
0.000000000001022773878863309
0.0000000000010227737449643484
0.0000000000010227736065253418
0.0000000000010227734662376387
0.0000000000010227733266173303
0.0000000000010227731899309712
0.0000000000010227730581473438
0.000000000001022772932902092
0.0000000000010227728154788798
0.000000000001022772706812752
0.0000000000010227726075010981
0.0000000000010227725178286023
0.0000000000010227724378063788
0.0000000000010227723672088232
0.0000000000010227723056198477
0.0000000000010227722524752057
0.0000000000010227722071107523
0.000000000001022772168796298
0.0000000000010227721367732902
0.0000000000010227721102850067
0.0000000000010227720885958714
0.000000000001022772071017907
0.000000000001022772056912845
0.0000000000010227720457071904
0.0000000000010227720368916582
0.0000000000010227720300248002
0.0000000000010227720247266221
0.0000000000010227720206801
0.0000000000010227720176186036
0.0000000000010227720153223023
0.0000000000010227720136192582
0.0000000000010227720123739352
0.0000000000010227720114513917
0.0000000000010227720108004743
0.00000000000102277201032986
0.0000000000010227720099997574
0.000000000001022772009770985
0.0000000000010227720095963144
0.0000000000010227720094844826
0.0000000000010227720094043921
0.000000000001022772009372504
0.0000000000010227720093264176
0.0000000000010227720092792849
0.0000000000010227720092668727
0.000000000001022772009294854
0.000000000001022772009325418
0.0000000000010227720093724501
0.000000000001022772009404269
0.0000000000010227720094844146
0.0000000000010227720095937137
0.0000000000010227720097517549
0.000000000001022772009966527
0.0000000000010227720102553392
0.0000000000010227720106842837
0.000000000001022772011283392
0.0000000000010227720121095872
0.0000000000010227720132248841
0.0000000000010227720147320482
0.0000000000010227720167465527
0.0000000000010227720194105902
0.0000000000010227720229003004
0.0000000000010227720274334376
0.0000000000010227720332585069
0.0000000000010227720406718504
0.000000000001022772050015541
0.0000000000010227720616740782
0.0000000000010227720760792587
0.0000000000010227720936941391
0.000000000001022772115016749
0.0000000000010227721405633773
0.0000000000010227721708505387
0.00000000000102277220637972
0.0000000000010227722476139082
0.0000000000010227722949450765
0.0000000000010227723486721205
0.0000000000010227724089678926
0.000000000001022772475845999
0.0000000000010227725491385184
0.0000000000010227726284656557
0.000000000001022772713221096
0.0000000000010227728025591065
0.0000000000010227728953950352
0.0000000000010227729904149495
0.000000000001022773086097382
0.0000000000010227731807466104
0.000000000001022773272539114
0.0000000000010227733595773904
0.0000000000010227734399555132
0.000000000001022773511824916
0.0000000000010227735734662996
0.000000000001022773623356864
0.0000000000010227736602324307
0.000000000001022773683141587
0.0000000000010227736914859154
0.000000000001022773685046338
0.0000000000010227736639921916
0.0000000000010227736288739174
0.0000000000010227735805991704
0.000000000001022773520394623
0.000000000001022773449752281
0.0000000000010227733703709905
0.0000000000010227732840860848
0.000000000001022773192800663
0.0000000000010227730984155263
0.000000000001022773002768219
0.0000000000010227729075726749
0.000000000001022772814376143
0.000000000001022772724520177
0.0000000000010227726391207508
0.0000000000010227725590531175
0.0000000000010227724849555895
0.0000000000010227724172356384
0.000000000001022772356087069
0.000000000001022772301518156
0.0000000000010227722533755205
0.0000000000010227722113753595
0.0000000000010227721751334555
0.000000000001022772144196107
0.000000000001022772118067074
0.0000000000010227720962278816
0.0000000000010227720781620864
0.000000000001022772063370984
0.0000000000010227720513819038
0.0000000000010227720417614526
0.0000000000010227720341185659
0.0000000000010227720281062351
0.0000000000010227720234228126
0.0000000000010227720198103927
0.0000000000010227720170490293
0.0000000000010227720149634075
0.0000000000010227720133969783
0.0000000000010227720122325572
0.0000000000010227720113867757
0.0000000000010227720107640981
0.0000000000010227720103060028
0.0000000000010227720099993856
0.0000000000010227720097709876
0.000000000001022772009603666
0.0000000000010227720094848857
0.0000000000010227720094247182
0.0000000000010227720093728122
0.0000000000010227720093263356
0.0000000000010227720092946493
0.0000000000010227720092670525
0.0000000000010227720092669598
0.0000000000010227720092739022
0.0000000000010227720092950251
0.0000000000010227720093256775
0.0000000000010227720093725848
0.0000000000010227720094043128
0.0000000000010227720094846422
0.0000000000010227720095932587
0.0000000000010227720097305426
0.0000000000010227720099245597
0.0000000000010227720102242985
0.0000000000010227720106295589
0.000000000001022772011188105
0.0000000000010227720119402904
0.0000000000010227720129578702
0.0000000000010227720143156298
0.0000000000010227720161156822
0.000000000001022772018474073
0.0000000000010227720215368965
0.00000000000102277202547104
0.0000000000010227720304800975
0.0000000000010227720367923127
0.0000000000010227720446694422
0.0000000000010227720544020796
0.0000000000010227720663027285
0.0000000000010227720807088103
0.0000000000010227720979687686
0.0000000000010227721184325336
0.0000000000010227721424397056
0.0000000000010227721703003373
0.0000000000010227722022819376
0.0000000000010227722385856206
0.0000000000010227722793276421
0.0000000000010227723245193863
0.0000000000010227723740454956
0.0000000000010227724276506509
0.000000000001022772484924875
0.0000000000010227725452980382
0.0000000000010227726080357038
0.000000000001022772672250832
0.0000000000010227727369149121
0.0000000000010227728008830392
0.0000000000010227728629219026
0.0000000000010227729217500855
0.0000000000010227729760788562
0.000000000001022773024659091
0.000000000001022773066328165
0.0000000000010227731000573068
0.0000000000010227731249928063
0.0000000000010227731404888995
0.0000000000010227731461431867
0.0000000000010227731418056093
0.0000000000010227731275909028
0.0000000000010227731038707481
0.0000000000010227730712583624
0.0000000000010227730305820581
0.0000000000010227729828504774
0.0000000000010227729292103105
0.0000000000010227728709033068
0.0000000000010227728092144312
0.0000000000010227727454287007
0.0000000000010227726807887
0.0000000000010227726164523798
0.0000000000010227725534657763
0.0000000000010227724927352607
0.0000000000010227724350154623
0.0000000000010227723808988681
0.0000000000010227723308159798
0.000000000001022772285042473
0.000000000001022772243710298
0.0000000000010227722068252219
0.000000000001022772174283344
0.0000000000010227721458922513
0.0000000000010227721213937126
0.000000000001022772100480849
0.0000000000010227720828179306
0.0000000000010227720680542449
0.0000000000010227720558415784
0.000000000001022772045842276
0.000000000001022772037738138
0.000000000001022772031234004
0.000000000001022772026067341
0.000000000001022772022004474
0.000000000001022772018835894
0.0000000000010227720163943888
0.0000000000010227720145234533
0.0000000000010227720131135217
0.0000000000010227720120527746
0.0000000000010227720112644879
0.0000000000010227720106863904
0.0000000000010227720102703848
0.0000000000010227720099708699
0.0000000000010227720097544509
0.0000000000010227720095964866
0.0000000000010227720094846902
0.0000000000010227720094323848
0.0000000000010227720093737053
0.0000000000010227720093268278
0.0000000000010227720092951605
0.000000000001022772009293903
0.0000000000010227720092671759
0.0000000000010227720092666726
0.0000000000010227720092669184
0.0000000000010227720092937365
0.0000000000010227720092954335
0.0000000000010227720093255878
0.000000000001022772009372262
0.000000000001022772009404362
0.0000000000010227720094641995
0.0000000000010227720095901037
0.000000000001022772009706171
0.0000000000010227720098934849
0.0000000000010227720101887453
0.0000000000010227720105479328
0.0000000000010227720110476769
0.000000000001022772011734559
0.0000000000010227720126433862
0.0000000000010227720138470794
0.0000000000010227720154298736
0.0000000000010227720174781372
0.0000000000010227720201153582
0.0000000000010227720234694512
0.0000000000010227720276971054
0.0000000000010227720329721069
0.000000000001022772039490592
0.0000000000010227720474598035
0.0000000000010227720571076297
0.0000000000010227720686672386
0.0000000000010227720823727128
0.000000000001022772098450645
0.000000000001022772117110684
0.000000000001022772138530765
0.0000000000010227721628456225
0.0000000000010227721901346918
0.0000000000010227722204040306
0.0000000000010227722535764145
0.000000000001022772289483373
0.000000000001022772327847768
0.0000000000010227723682882917
0.0000000000010227724103138847
0.0000000000010227724533305869
0.0000000000010227724966491074
0.0000000000010227725395016975
0.0000000000010227725810643308
0.0000000000010227726204761555
0.000000000001022772656876449
0.0000000000010227726894262187
0.0000000000010227727173475074
0.0000000000010227727399509619
0.0000000000010227727566634617
0.0000000000010227727670541776
0.0000000000010227727708512842
0.0000000000010227727679562246
0.0000000000010227727584429823
0.0000000000010227727425622154
0.0000000000010227727207236368
0.0000000000010227726934822678
0.0000000000010227726615130744
0.00000000000102277262558505
0.0000000000010227725865294083
0.0000000000010227725452075227
0.0000000000010227725024790091
0.000000000001022772459177257
0.000000000001022772416078081
0.000000000001022772373880941
0.0000000000010227723331958998
0.0000000000010227722945263565
0.0000000000010227722582699886
0.0000000000010227722247155454
0.0000000000010227721940474538
0.0000000000010227721663555603
0.000000000001022772141641552
0.0000000000010227721198381606
0.0000000000010227721008150262
0.0000000000010227720844004202
0.0000000000010227720703865713
0.000000000001022772058551947
0.0000000000010227720486591074
0.0000000000010227720404761937
0.0000000000010227720337734217
0.0000000000010227720283434774
0.0000000000010227720239842053
0.0000000000010227720205214249
0.0000000000010227720178013331
0.0000000000010227720156734964
0.0000000000010227720140386535
0.0000000000010227720127922228
0.000000000001022772011839925
0.0000000000010227720111317577
0.00000000000102277201060916
0.0000000000010227720102202053
0.0000000000010227720099273367
0.0000000000010227720097520941
0.0000000000010227720095933964
0.000000000001022772009484849
0.0000000000010227720094246758
0.000000000001022772009373139
0.0000000000010227720093264517
0.000000000001022772009295087
0.000000000001022772009294044
0.000000000001022772009267087
0.0000000000010227720092670252
0.000000000001022772009246038
0.0000000000010227720092659123
0.0000000000010227720092667964
0.0000000000010227720092942573
0.0000000000010227720092952879
0.0000000000010227720093258394
0.0000000000010227720093728603
0.0000000000010227720094040442
0.0000000000010227720094567761
0.0000000000010227720095616245
0.0000000000010227720096749458
0.0000000000010227720098632251
0.0000000000010227720101136654
0.0000000000010227720104462873
0.0000000000010227720109009519
0.000000000001022772011507061
0.0000000000010227720123030164
0.0000000000010227720133611225
0.000000000001022772014714981
0.0000000000010227720164643752
0.0000000000010227720186895391
0.000000000001022772021498243
0.0000000000010227720249993322
0.0000000000010227720293247804
0.0000000000010227720346154946
0.0000000000010227720410213237
0.0000000000010227720486956104
0.000000000001022772057794361
0.0000000000010227720684673866
0.0000000000010227720808554519
0.000000000001022772095076403
0.000000000001022772111219213
0.0000000000010227721293362867
0.0000000000010227721494331362
0.0000000000010227721714569331
0.0000000000010227721952977952
0.0000000000010227722207704336
0.0000000000010227722476216633
0.0000000000010227722755264162
0.0000000000010227723040896916
0.0000000000010227723328541102
0.000000000001022772361309862
0.0000000000010227723889099793
0.0000000000010227724150826645
0.0000000000010227724392564392
0.0000000000010227724608745488
0.0000000000010227724794201902
0.0000000000010227724944345628
0.000000000001022772505537842
0.000000000001022772512443758
0.0000000000010227725149718949
0.0000000000010227725130554317
0.0000000000010227725067453074
0.0000000000010227724962062552
0.0000000000010227724817103088
0.0000000000010227724636261397
0.0000000000010227724424025804
0.000000000001022772418548973
0.0000000000010227723926176383
0.0000000000010227723651808246
0.000000000001022772336809449
0.000000000001022772308056601
0.000000000001022772279436734
0.0000000000010227722514163604
0.000000000001022772224398613
0.000000000001022772198719185
0.0000000000010227721746410732
0.0000000000010227721523577137
0.0000000000010227721319915445
0.0000000000010227721135998795
0.0000000000010227720971865286
0.0000000000010227720827057994
0.0000000000010227720700713363
0.000000000001022772059169175
0.0000000000010227720498620725
0.0000000000010227720420002746
0.0000000000010227720354296762
0.0000000000010227720299949786
0.0000000000010227720255431697
0.0000000000010227720219374725
0.0000000000010227720190417117
0.0000000000010227720167428913
0.0000000000010227720149333778
0.0000000000010227720135205755
0.0000000000010227720124345637
0.0000000000010227720116089163
0.0000000000010227720109831017
0.0000000000010227720104959882
0.0000000000010227720101609778
0.0000000000010227720098916179
0.000000000001022772009705739
0.000000000001022772009592555
0.0000000000010227720094845426
0.0000000000010227720094044487
0.000000000001022772009373334
0.0000000000010227720093268082
0.0000000000010227720092950054
0.0000000000010227720092942808
0.0000000000010227720092670113
0.000000000001022772009266491
0.0000000000010227720092667142
0.0000000000010227720092455114
0.0000000000010227720092659123
0.0000000000010227720092666011
0.0000000000010227720092673511
0.000000000001022772009293929
0.0000000000010227720092952047
0.0000000000010227720093259265
0.000000000001022772009372724
0.0000000000010227720094035405
0.0000000000010227720094563977
0.000000000001022772009560746
0.0000000000010227720096479964
0.0000000000010227720098236497
0.0000000000010227720100411322
0.000000000001022772010350274
0.000000000001022772010739206
0.0000000000010227720112593
0.000000000001022772011962434
0.0000000000010227720128464716
0.0000000000010227720140004033
0.0000000000010227720154651675
0.0000000000010227720173110717
0.0000000000010227720196176362
0.000000000001022772022463539
0.0000000000010227720259438965
0.0000000000010227720301578967
0.0000000000010227720352071366
0.000000000001022772041194533
0.0000000000010227720482188976
0.0000000000010227720563709017
0.0000000000010227720657292544
0.000000000001022772076352674
0.0000000000010227720882742488
0.0000000000010227721015010833
0.0000000000010227721159953313
0.0000000000010227721316855866
0.0000000000010227721484507183
0.0000000000010227721661228256
0.000000000001022772184488493
0.0000000000010227722032886003
0.0000000000010227722222212398
0.0000000000010227722409510989
0.0000000000010227722591186496
0.0000000000010227722763470695
0.0000000000010227722922605904
0.000000000001022772306491924
0.0000000000010227723187016715
0.0000000000010227723285876905
0.0000000000010227723358999393
0.0000000000010227723404497114
0.0000000000010227723421179252
0.0000000000010227723408609116
0.0000000000010227723367112314
0.0000000000010227723297790267
0.000000000001022772320241325
0.0000000000010227723083416324
0.000000000001022772294375516
0.000000000001022772278676795
0.000000000001022772261611026
0.0000000000010227722435532384
0.000000000001022772224879712
0.000000000001022772205954792
0.0000000000010227721871172058
0.0000000000010227721686732923
0.0000000000010227721508887518
0.000000000001022772133984731
0.0000000000010227721181357652
0.0000000000010227721034679692
0.0000000000010227720900597792
0.0000000000010227720779526116
0.000000000001022772067147993
0.0000000000010227720576149182
0.0000000000010227720492977726
0.0000000000010227720421197949
0.000000000001022772035992575
0.0000000000010227720308171526
0.0000000000010227720264904428
0.0000000000010227720229113704
0.0000000000010227720199823548
0.0000000000010227720176077361
0.00000000000102277201569754
0.0000000000010227720141882674
0.0000000000010227720129972343
0.0000000000010227720120629357
0.0000000000010227720113596922
0.0000000000010227720108068278
0.000000000001022772010394524
0.0000000000010227720100760949
0.0000000000010227720098446103
0.0000000000010227720096736885
0.0000000000010227720095625466
0.000000000001022772009457356
0.0000000000010227720094045403
0.0000000000010227720093730645
0.0000000000010227720093265483
0.0000000000010227720092949567
0.0000000000010227720092937815
0.000000000001022772009266826
0.0000000000010227720092661901
0.0000000000010227720092661572
0.0000000000010227720092473264
0.0000000000010227720092454226
0.0000000000010227720092660682
0.000000000001022772009266367
0.0000000000010227720092664165
0.000000000001022772009266722
0.0000000000010227720092744361
0.000000000001022772009294706
0.000000000001022772009325037
0.0000000000010227720093276853
0.000000000001022772009402019
0.0000000000010227720094380434
0.0000000000010227720095159926
0.0000000000010227720096221026
0.00000000000102277200978261
0.000000000001022772009970053
0.0000000000010227720102229814
0.0000000000010227720105724802
0.00000000000102277201101807
0.0000000000010227720116041146
0.0000000000010227720123527094
0.0000000000010227720133078603
0.000000000001022772014506728
0.0000000000010227720160154054
0.0000000000010227720178696218
0.000000000001022772020142071
0.000000000001022772022889247
0.0000000000010227720261832997
0.000000000001022772030089497
0.0000000000010227720346697822
0.0000000000010227720399875836
0.0000000000010227720460917872
0.0000000000010227720530217165
0.0000000000010227720607990076
0.0000000000010227720694267316
0.0000000000010227720788816865
0.0000000000010227720891172345
0.0000000000010227721000540851
0.0000000000010227721115838313
0.0000000000010227721235654238
0.000000000001022772135831143
0.0000000000010227721481831201
0.0000000000010227721604032552
0.0000000000010227721722566074
0.0000000000010227721834987545
0.0000000000010227721938822535
0.000000000001022772203169041
0.0000000000010227722111367708
0.0000000000010227722175889308
0.000000000001022772222362431
0.0000000000010227722253336973
0.00000000000102277222642426
0.0000000000010227722256066806
0.0000000000010227722229026538
0.000000000001022772218382278
0.0000000000010227722121626684
0.000000000001022772204400925
0.0000000000010227721952908878
0.0000000000010227721850507937
0.0000000000010227721739172936
0.0000000000010227721621358145
0.000000000001022772149954048
0.0000000000010227721376067036
0.0000000000010227721253162337
0.0000000000010227721132823833
0.0000000000010227721016787928
0.000000000001022772090649052
0.0000000000010227720803074627
0.0000000000010227720707357978
0.000000000001022772061987611
0.0000000000010227720540872053
0.0000000000010227720470370284
0.0000000000010227720408164073
0.0000000000010227720353876572
0.0000000000010227720307052408
0.0000000000010227720267058062
0.0000000000010227720233266278
0.0000000000010227720205035717
0.0000000000010227720181691268
0.0000000000010227720162549885
0.0000000000010227720147049382
0.0000000000010227720134600613
0.0000000000010227720124714256
0.0000000000010227720116921728
0.0000000000010227720110844072
0.000000000001022772010627273
0.000000000001022772010263546
0.0000000000010227720099999937
0.0000000000010227720098058362
0.0000000000010227720096445536
0.000000000001022772009517777
0.0000000000010227720094563952
0.0000000000010227720094040032
0.0000000000010227720093726382
0.0000000000010227720093266509
0.0000000000010227720092948947
0.0000000000010227720092939197
0.0000000000010227720092670811
0.000000000001022772009266294
0.0000000000010227720092665569
0.0000000000010227720092661187
0.0000000000010227720092469782
0.0000000000010227720092458273
0.0000000000010227720092658365
0.000000000001022772009266724
0.0000000000010227720092667388
0.000000000001022772009266621
0.000000000001022772009266362
0.0000000000010227720092668915
0.0000000000010227720092945185
0.0000000000010227720092953531
0.000000000001022772009326659
0.0000000000010227720093719956
0.0000000000010227720094323222
0.0000000000010227720094846638
0.000000000001022772009592941
0.0000000000010227720097073908
0.0000000000010227720098725402
0.0000000000010227720100976383
0.0000000000010227720104014412
0.0000000000010227720107789526
0.0000000000010227720112555276
0.0000000000010227720118717848
0.000000000001022772012653603
0.0000000000010227720136251993
0.0000000000010227720148256325
0.0000000000010227720162914553
0.000000000001022772018069561
0.0000000000010227720202027649
0.0000000000010227720227259721
0.000000000001022772025687714
0.0000000000010227720291262807
0.0000000000010227720330724149
0.0000000000010227720375533766
0.0000000000010227720425826095
0.0000000000010227720481621225
0.000000000001022772054275302
0.0000000000010227720608937625
0.0000000000010227720679662442
0.0000000000010227720754217364
0.0000000000010227720831700826
0.0000000000010227720911019274
0.0000000000010227720990901303
0.0000000000010227721069933883
0.0000000000010227721146594011
0.0000000000010227721219309286
0.0000000000010227721286467622
0.0000000000010227721346531528
0.0000000000010227721398078233
0.000000000001022772143981548
0.0000000000010227721470706943
0.0000000000010227721489940443
0.0000000000010227721497013346
0.0000000000010227721491744298
0.0000000000010227721474271984
0.0000000000010227721445051627
0.0000000000010227721404846364
0.0000000000010227721354659206
0.0000000000010227721295763159
0.0000000000010227721229546765
0.0000000000010227721157546004
0.0000000000010227721081366747
0.0000000000010227721002588905
0.000000000001022772092273933
0.000000000001022772084325594
0.0000000000010227720765430221
0.0000000000010227720690375029
0.0000000000010227720619046706
0.0000000000010227720552162034
0.0000000000010227720490257384
0.000000000001022772043366246
0.0000000000010227720382570472
0.0000000000010227720336974974
0.0000000000010227720296744134
0.0000000000010227720261613475
0.0000000000010227720231313021
0.0000000000010227720205444775
0.0000000000010227720183622056
0.000000000001022772016533401
0.000000000001022772015022642
0.000000000001022772013788986
0.0000000000010227720127878728
0.0000000000010227720119841754
0.0000000000010227720113423545
0.0000000000010227720108362749
0.0000000000010227720104434842
0.0000000000010227720101499153
0.0000000000010227720098993808
0.0000000000010227720097512268
0.0000000000010227720096204615
0.0000000000010227720095033079
0.0000000000010227720094335698
0.0000000000010227720094027022
0.0000000000010227720093275942
0.0000000000010227720093258013
0.000000000001022772009294613
0.0000000000010227720092897385
0.0000000000010227720092667685
0.0000000000010227720092665195
0.0000000000010227720092666187
0.0000000000010227720092665668
0.000000000001022772009265862
0.000000000001022772009246468
0.0000000000010227720092463925
0.0000000000010227720092662495
0.000000000001022772009266442
0.000000000001022772009266489
0.000000000001022772009266229
0.000000000001022772009266419
0.0000000000010227720092665173
0.0000000000010227720092671379
0.0000000000010227720092940055
0.0000000000010227720092953186
0.00000000000102277200932568
0.0000000000010227720093725348
0.0000000000010227720094055347
0.000000000001022772009456902
0.0000000000010227720095619088
0.000000000001022772009647007
0.0000000000010227720098097211
0.0000000000010227720099997485
0.0000000000010227720102277022
0.00000000000102277201053587
0.000000000001022772010943781
0.0000000000010227720114335164
0.0000000000010227720120550257
0.0000000000010227720128243514
0.0000000000010227720137714538
0.0000000000010227720149068668
0.0000000000010227720162686858
0.00000000000102277201788924
0.000000000001022772019788922
0.0000000000010227720219925028
0.0000000000010227720245196955
0.0000000000010227720273928314
0.0000000000010227720306157383
0.0000000000010227720341912057
0.0000000000010227720381107027
0.0000000000010227720423528821
0.000000000001022772046886125
0.000000000001022772051663841
0.000000000001022772056631819
0.0000000000010227720617150105
0.0000000000010227720668371124
0.000000000001022772071902773
0.000000000001022772076817706
0.0000000000010227720814784534
0.0000000000010227720857852502
0.0000000000010227720896357544
0.0000000000010227720929408387
0.000000000001022772095617284
0.0000000000010227720975979512
0.0000000000010227720988319575
0.000000000001022772099287243
0.000000000001022772098950406
0.0000000000010227720978315829
0.0000000000010227720959595607
0.000000000001022772093383546
0.0000000000010227720901672983
0.0000000000010227720863924844
0.000000000001022772082148411
0.0000000000010227720775342157
0.0000000000010227720726506636
0.0000000000010227720676007168
0.000000000001022772062481512
0.0000000000010227720573870135
0.0000000000010227720523976245
0.0000000000010227720475866639
0.0000000000010227720430133194
0.0000000000010227720387254655
0.000000000001022772034756315
0.0000000000010227720311284318
0.0000000000010227720278539537
0.0000000000010227720249287002
0.0000000000010227720223485518
0.000000000001022772020097002
0.000000000001022772018153286
0.0000000000010227720164951172
0.0000000000010227720150927623
0.0000000000010227720139219871
0.0000000000010227720129572322
0.0000000000010227720121681867
0.0000000000010227720115220013
0.0000000000010227720110096815
0.0000000000010227720105996578
0.0000000000010227720102684978
0.0000000000010227720100284324
0.0000000000010227720098327838
0.00000000000102277200967402
0.0000000000010227720095638708
0.0000000000010227720094849162
0.000000000001022772009432445
0.00000000000102277200937313
0.0000000000010227720093264683
0.0000000000010227720092948488
0.0000000000010227720092945706
0.0000000000010227720092668186
0.0000000000010227720092664519
0.0000000000010227720092659613
0.000000000001022772009266339
0.0000000000010227720092663345
0.0000000000010227720092663313
0.0000000000010227720092658244
0.000000000001022772009247042
0.0000000000010227720092465285
0.0000000000010227720092657267
0.0000000000010227720092664028
0.0000000000010227720092664
0.0000000000010227720092662637
0.000000000001022772009266316
0.0000000000010227720092664236
0.0000000000010227720092666577
0.0000000000010227720092668586
0.0000000000010227720092940649
0.000000000001022772009295319
0.0000000000010227720093259083
0.0000000000010227720093726925
0.000000000001022772009402841
0.0000000000010227720094427968
0.0000000000010227720095151004
0.0000000000010227720096105235
0.0000000000010227720097110711
0.000000000001022772009865041
0.0000000000010227720100650806
0.000000000001022772010324097
0.000000000001022772010637177
0.0000000000010227720110381035
0.0000000000010227720115276787
0.0000000000010227720121257957
0.000000000001022772012844107
0.0000000000010227720137132498
0.0000000000010227720147410801
0.0000000000010227720159469093
0.0000000000010227720173481315
0.000000000001022772018955012
0.0000000000010227720207804245
0.0000000000010227720228276355
0.0000000000010227720250971114
0.0000000000010227720275862859
0.0000000000010227720302840966
0.0000000000010227720331621916
0.000000000001022772036198792
0.0000000000010227720393558315
0.0000000000010227720425857169
0.0000000000010227720458394403
0.000000000001022772049059591
0.0000000000010227720521814008
0.0000000000010227720551445118
0.0000000000010227720578809706
0.0000000000010227720603279962
0.0000000000010227720624285505
0.0000000000010227720641297337
0.0000000000010227720653895172
0.0000000000010227720661749975
0.0000000000010227720664646735
0.0000000000010227720662515653
0.0000000000010227720655414632
0.0000000000010227720643516744
0.0000000000010227720627149598
0.0000000000010227720606726606
0.000000000001022772058274428
0.0000000000010227720555779407
0.0000000000010227720526457817
0.0000000000010227720495439176
0.0000000000010227720463349712
0.0000000000010227720430819429
0.0000000000010227720398448776
0.0000000000010227720366746606
0.0000000000010227720336162681
0.0000000000010227720307125092
0.0000000000010227720279860498
0.0000000000010227720254642362
0.0000000000010227720231580496
0.0000000000010227720210758793
0.0000000000010227720192189083
0.0000000000010227720175771236
0.00000000000102277201614905
0.0000000000010227720149137779
0.000000000001022772013857336
0.000000000001022772012973418
0.0000000000010227720122233986
0.0000000000010227720116121887
0.0000000000010227720110987868
0.0000000000010227720106892015
0.0000000000010227720103796055
0.0000000000010227720101020093
0.0000000000010227720098916817
0.0000000000010227720097520885
0.0000000000010227720096207281
0.0000000000010227720095172683
0.0000000000010227720094560556
0.0000000000010227720094039919
0.0000000000010227720093731004
0.0000000000010227720093268863
0.0000000000010227720092948517
0.0000000000010227720092941133
0.000000000001022772009266983
0.0000000000010227720092663927
0.000000000001022772009266613
0.0000000000010227720092661595
0.0000000000010227720092664448
0.0000000000010227720092663384
0.0000000000010227720092663333
0.000000000001022772009265509
0.0000000000010227720092469525
0.0000000000010227720092462374
0.0000000000010227720092664745
0.000000000001022772009266492
0.0000000000010227720092663543
0.0000000000010227720092665835
0.000000000001022772009266995
0.0000000000010227720092664448
0.0000000000010227720092664392
0.0000000000010227720092662879
0.0000000000010227720092668665
0.000000000001022772009294067
0.0000000000010227720092949591
0.000000000001022772009324933
0.0000000000010227720093265156
0.0000000000010227720093720382
0.0000000000010227720094321416
0.0000000000010227720094679691
0.00000000000102277200956233
0.0000000000010227720096448129
0.000000000001022772009782602
0.000000000001022772009923805
0.0000000000010227720101236412
0.0000000000010227720103843491
0.0000000000010227720106823068
0.0000000000010227720110575897
0.0000000000010227720115197215
0.0000000000010227720120602744
0.0000000000010227720127131606
0.0000000000010227720134680946
0.0000000000010227720143531102
0.000000000001022772015364181
0.0000000000010227720165117743
0.0000000000010227720178051663
0.0000000000010227720192332765
0.0000000000010227720208028626
0.0000000000010227720224990827
0.0000000000010227720243111505
0.0000000000010227720262247548
0.0000000000010227720282120722
0.0000000000010227720302477716
0.0000000000010227720322965522
0.0000000000010227720343239464
0.0000000000010227720362908848
0.0000000000010227720381572284
0.000000000001022772039881408
0.0000000000010227720414215652
0.0000000000010227720427457507
0.0000000000010227720438178563
0.0000000000010227720446111098
0.0000000000010227720451061463
0.0000000000010227720452888464
0.000000000001022772045156408
0.0000000000010227720447085586
0.0000000000010227720439608439
0.0000000000010227720429294333
0.0000000000010227720416425846
0.0000000000010227720401340915
0.000000000001022772038435113
0.0000000000010227720365888588
0.0000000000010227720346339533
0.0000000000010227720326131168
0.0000000000010227720305655612
0.0000000000010227720285267997
0.0000000000010227720265291963
0.000000000001022772024602989
0.000000000001022772022774363
0.0000000000010227720210564946
0.0000000000010227720194677685
0.0000000000010227720180157197
0.0000000000010227720167029114
0.0000000000010227720155329601
0.000000000001022772014496925
0.0000000000010227720136007815
0.0000000000010227720128202536
0.0000000000010227720121636766
0.0000000000010227720116002574
0.0000000000010227720111254329
0.0000000000010227720107417663
0.0000000000010227720104242927
0.000000000001022772010169544
0.0000000000010227720099688851
0.0000000000010227720098028716
0.000000000001022772009657474
0.0000000000010227720095625407
0.0000000000010227720094848152
0.0000000000010227720094329383
0.0000000000010227720093856285
0.0000000000010227720093267428
0.0000000000010227720093256999
0.0000000000010227720092947442
0.0000000000010227720092938999
0.0000000000010227720092669168
0.0000000000010227720092665567
0.0000000000010227720092665785
0.0000000000010227720092668275
0.0000000000010227720092667102
0.000000000001022772009266352
0.000000000001022772009266418
0.0000000000010227720092666403
0.0000000000010227720092656616
0.0000000000010227720092463879
0.0000000000010227720092460696
0.000000000001022772009265896
0.0000000000010227720092665759
0.000000000001022772009266811
0.000000000001022772009266715
0.000000000001022772009266599
0.0000000000010227720092664383
0.0000000000010227720092664424
0.0000000000010227720092665252
0.0000000000010227720092666726
0.0000000000010227720092667596
0.0000000000010227720092669697
0.0000000000010227720092941113
0.0000000000010227720092954309
0.0000000000010227720093256223
0.0000000000010227720093725479
0.0000000000010227720094029882
0.0000000000010227720094327812
0.0000000000010227720094849029
0.0000000000010227720095924755
0.0000000000010227720096745124
0.0000000000010227720098104613
0.0000000000010227720099690733
0.0000000000010227720101596395
0.0000000000010227720103895561
0.0000000000010227720106610848
0.0000000000010227720110127325
0.0000000000010227720114163636
0.0000000000010227720118841104
0.00000000000102277201243656
0.0000000000010227720130690165
0.0000000000010227720137881987
0.0000000000010227720145940807
0.0000000000010227720154848189
0.000000000001022772016462839
0.0000000000010227720175205932
0.0000000000010227720186549034
0.0000000000010227720198488105
0.0000000000010227720210889954
0.0000000000010227720223598332
0.000000000001022772023641086
0.0000000000010227720249054082
0.0000000000010227720261332652
0.0000000000010227720272990718
0.00000000000102277202837499
0.0000000000010227720293377804
0.0000000000010227720301641973
0.000000000001022772030834935
0.000000000001022772031330097
0.000000000001022772031639983
0.0000000000010227720317529659
0.000000000001022772031671767
0.000000000001022772031391756
0.0000000000010227720309252406
0.0000000000010227720302828914
0.0000000000010227720294791035
0.0000000000010227720285367026
0.0000000000010227720274761555
0.0000000000010227720263224884
0.0000000000010227720251030537
0.0000000000010227720238417703
0.0000000000010227720225637213
0.0000000000010227720212907386
0.000000000001022772020044
0.000000000001022772018841326
0.000000000001022772017697214
0.000000000001022772016628376
0.0000000000010227720156336902
0.0000000000010227720147257615
0.0000000000010227720139046943
0.0000000000010227720131805754
0.000000000001022772012534198
0.0000000000010227720119743914
0.0000000000010227720114810383
0.000000000001022772011064004
0.0000000000010227720107178077
0.0000000000010227720104287121
0.000000000001022772010191068
0.0000000000010227720099964182
0.0000000000010227720098300505
0.0000000000010227720096877512
0.0000000000010227720095932387
0.0000000000010227720095158119
0.000000000001022772009455693
0.0000000000010227720094039878
0.0000000000010227720093732018
0.0000000000010227720093271362
0.0000000000010227720092949852
0.000000000001022772009294672
0.0000000000010227720092822606
0.0000000000010227720092668081
0.0000000000010227720092664468
0.0000000000010227720092665757
0.0000000000010227720092666017
0.0000000000010227720092665892
0.0000000000010227720092663307
0.000000000001022772009266561
0.0000000000010227720092661845
0.0000000000010227720092661744
0.000000000001022772009266344
0.0000000000010227720092471123
0.0000000000010227720092461292
0.0000000000010227720092662112
0.0000000000010227720092664204
0.0000000000010227720092660064
0.0000000000010227720092666205
0.0000000000010227720092662998
0.0000000000010227720092666722
0.0000000000010227720092665837
0.0000000000010227720092665749
0.0000000000010227720092663638
0.0000000000010227720092663398
0.0000000000010227720092664812
0.0000000000010227720092672756
0.0000000000010227720092943428
0.0000000000010227720092948987
0.0000000000010227720093249303
0.000000000001022772009326923
0.0000000000010227720093719828
0.0000000000010227720094037956
0.0000000000010227720094559092
0.0000000000010227720095152275
0.0000000000010227720095934134
0.0000000000010227720096783973
0.000000000001022772009811572
0.0000000000010227720099684622
0.0000000000010227720101273692
0.000000000001022772010351364
0.0000000000010227720105995908
0.0000000000010227720108801116
0.0000000000010227720112274206
0.0000000000010227720116170839
0.0000000000010227720120576505
0.0000000000010227720125651337
0.0000000000010227720131099817
0.0000000000010227720137162888
0.0000000000010227720143756381
0.0000000000010227720150704975
0.0000000000010227720158112679
0.000000000001022772016580324
0.0000000000010227720173666118
0.0000000000010227720181558515
0.0000000000010227720189410683
0.0000000000010227720197015744
0.000000000001022772020422478
0.0000000000010227720210870076
0.0000000000010227720216829836
0.0000000000010227720221971622
0.0000000000010227720226116172
0.0000000000010227720229170048
0.0000000000010227720231080954
0.000000000001022772023179153
0.0000000000010227720231274009
0.0000000000010227720229550846
0.0000000000010227720226681745
0.0000000000010227720222693543
0.000000000001022772021772768
0.0000000000010227720211897693
0.000000000001022772020532706
0.0000000000010227720198209649
0.0000000000010227720190659788
0.0000000000010227720182842537
0.0000000000010227720174913496
0.0000000000010227720167040694
0.0000000000010227720159330587
0.0000000000010227720151902032
0.0000000000010227720144797403
0.0000000000010227720138176832
0.0000000000010227720132059268
0.0000000000010227720126418435
0.0000000000010227720121420827
0.000000000001022772011677623
0.0000000000010227720112808085
0.0000000000010227720109460502
0.0000000000010227720106342574
0.0000000000010227720103859645
0.0000000000010227720101673685
0.0000000000010227720099883624
0.000000000001022772009838986
0.0000000000010227720097059077
0.0000000000010227720096202184
0.0000000000010227720095173293
0.000000000001022772009456876
0.0000000000010227720094323204
0.0000000000010227720093731057
0.00000000000102277200932732
0.0000000000010227720093257508
0.0000000000010227720092949559
0.0000000000010227720092939362
0.0000000000010227720092667714
0.0000000000010227720092665872
0.0000000000010227720092660914
0.0000000000010227720092662863
0.0000000000010227720092664551
0.000000000001022772009266111
0.000000000001022772009266631
0.0000000000010227720092665349
0.0000000000010227720092661698
0.0000000000010227720092665197
0.0000000000010227720092662184
0.0000000000010227720092657685
0.0000000000010227720092468086
0.0000000000010227720092456431
0.0000000000010227720092658468
0.0000000000010227720092669937
0.0000000000010227720092664289
0.0000000000010227720092662715
0.0000000000010227720092664357
0.0000000000010227720092665353
0.000000000001022772009266514
0.0000000000010227720092663844
0.0000000000010227720092663796
0.0000000000010227720092666686
0.0000000000010227720092662107
0.0000000000010227720092660918
0.0000000000010227720092668204
0.0000000000010227720092670044
0.0000000000010227720092943462
0.0000000000010227720092953351
0.0000000000010227720093252304
0.000000000001022772009359084
0.0000000000010227720093767329
0.0000000000010227720094317517
0.000000000001022772009456779
0.0000000000010227720095151634
0.0000000000010227720095950538
0.000000000001022772009674733
0.000000000001022772009803303
0.0000000000010227720099230348
0.0000000000010227720100710512
0.0000000000010227720102512799
0.000000000001022772010461842
0.0000000000010227720106983076
0.000000000001022772010983969
0.0000000000010227720112778078
0.0000000000010227720116211219
0.000000000001022772011996953
0.0000000000010227720123979602
0.0000000000010227720128231577
0.0000000000010227720132772748
0.0000000000010227720137506331
0.0000000000010227720142305592
0.0000000000010227720147158804
0.0000000000010227720151989211
0.0000000000010227720156613414
0.000000000001022772016105318
0.0000000000010227720165131251
0.0000000000010227720168782943
0.0000000000010227720171965603
0.0000000000010227720174473768
0.0000000000010227720176374179
0.0000000000010227720177541737
0.0000000000010227720178008016
0.0000000000010227720177677481
0.0000000000010227720176604808
0.0000000000010227720174828886
0.000000000001022772017241158
0.0000000000010227720169331037
0.0000000000010227720165784807
0.0000000000010227720161773932
0.0000000000010227720157366544
0.0000000000010227720152733248
0.0000000000010227720147975822
0.0000000000010227720143114068
0.0000000000010227720138264203
0.000000000001022772013360911
0.0000000000010227720128943132
0.000000000001022772012462553
0.000000000001022772012054246
0.000000000001022772011673681
0.000000000001022772011337101
0.0000000000010227720110257124
0.000000000001022772010755551
0.0000000000010227720104950124
0.00000000000102277201028111
0.0000000000010227720100968507
0.0000000000010227720099422926
0.0000000000010227720098126294
0.0000000000010227720097054507
0.0000000000010227720096203678
0.0000000000010227720095206502
0.0000000000010227720094612012
0.0000000000010227720094326792
0.0000000000010227720094031178
0.0000000000010227720093726513
0.0000000000010227720093266287
0.0000000000010227720092950159
0.000000000001022772009294967
0.0000000000010227720092937733
0.0000000000010227720092670365
0.0000000000010227720092662768
0.0000000000010227720092662679
0.0000000000010227720092666873
0.0000000000010227720092666625
0.000000000001022772009266633
0.0000000000010227720092666764
0.0000000000010227720092667227
0.0000000000010227720092660138
0.0000000000010227720092661992
0.0000000000010227720092664181
0.0000000000010227720092664016
0.0000000000010227720092659652
0.0000000000010227720092462675
0.0000000000010227720092461694
0.0000000000010227720092662485
0.000000000001022772009266384
0.0000000000010227720092667429
0.0000000000010227720092665575
0.0000000000010227720092665203
0.0000000000010227720092663927
0.000000000001022772009266248
0.00000000000102277200926596
0.0000000000010227720092666692
0.0000000000010227720092666033
0.0000000000010227720092665387
0.000000000001022772009266518
0.0000000000010227720092664173
0.0000000000010227720092668263
0.0000000000010227720092668899
0.0000000000010227720092939623
0.0000000000010227720092949747
0.0000000000010227720092955718
0.0000000000010227720093255832
0.0000000000010227720093719976
0.0000000000010227720094029765
0.0000000000010227720094322158
0.0000000000010227720094564443
0.000000000001022772009515559
0.000000000001022772009592839
0.0000000000010227720096538852
0.000000000001022772009760501
0.000000000001022772009863872
0.0000000000010227720100000276
0.000000000001022772010138315
0.0000000000010227720103012944
0.000000000001022772010481034
0.00000000000102277201068857
0.000000000001022772010921927
0.0000000000010227720111727492
0.0000000000010227720114271912
0.0000000000010227720116984982
0.0000000000010227720119942104
0.0000000000010227720122777698
0.0000000000010227720125811486
0.0000000000010227720128668593
0.0000000000010227720131560413
0.0000000000010227720134218456
0.0000000000010227720136698857
0.0000000000010227720138905613
0.0000000000010227720140819876
0.0000000000010227720142382888
0.0000000000010227720143544354
0.0000000000010227720144232146
0.000000000001022772014449222
0.0000000000010227720144313947
0.0000000000010227720143712902
0.0000000000010227720142592391
0.0000000000010227720141102176
0.0000000000010227720139244386
0.0000000000010227720137090075
0.0000000000010227720134626113
0.0000000000010227720132015431
0.000000000001022772012915267
0.0000000000010227720126266629
0.0000000000010227720123302083
0.0000000000010227720120358348
0.0000000000010227720117506936
0.0000000000010227720114677324
0.0000000000010227720112100181
0.0000000000010227720109674729
0.0000000000010227720107301672
0.0000000000010227720105167305
0.0000000000010227720103404302
0.00000000000102277201016988
0.0000000000010227720100212128
0.000000000001022772009877825
0.0000000000010227720097821136
0.00000000000102277200967394
0.0000000000010227720095942917
0.0000000000010227720095158981
0.000000000001022772009458802
0.000000000001022772009432507
0.000000000001022772009403285
0.0000000000010227720093730891
0.0000000000010227720093270043
0.0000000000010227720092958396
0.0000000000010227720092940316
0.000000000001022772009293877
0.0000000000010227720092670496
0.0000000000010227720092662485
0.000000000001022772009266307
0.000000000001022772009266392
0.0000000000010227720092664141
0.0000000000010227720092663115
0.000000000001022772009266524
0.000000000001022772009266404
0.0000000000010227720092664478
0.0000000000010227720092666066
0.0000000000010227720092661752
0.0000000000010227720092665755
0.0000000000010227720092663307
0.0000000000010227720092662523
0.0000000000010227720092655484
0.0000000000010227720092460698
0.0000000000010227720092456124
0.0000000000010227720092658967
0.0000000000010227720092663868
0.0000000000010227720092662443
0.0000000000010227720092664917
0.0000000000010227720092663285
0.000000000001022772009266304
0.0000000000010227720092666052
0.0000000000010227720092665779
0.000000000001022772009266547
0.0000000000010227720092666886
0.0000000000010227720092664026
0.0000000000010227720092667473
0.0000000000010227720092666415
0.000000000001022772009266523
0.0000000000010227720092660956
0.0000000000010227720092667083
0.0000000000010227720092669032
0.0000000000010227720092941497
0.0000000000010227720092946602
0.0000000000010227720092957023
0.0000000000010227720093262044
0.0000000000010227720093711213
0.0000000000010227720093975984
0.0000000000010227720094323026
0.0000000000010227720094560875
0.0000000000010227720094854183
0.0000000000010227720095625165
0.0000000000010227720096212096
0.0000000000010227720097049463
0.0000000000010227720097927682
0.000000000001022772009883675
0.000000000001022772010002284
0.0000000000010227720101181252
0.0000000000010227720102552819
0.0000000000010227720104116947
0.000000000001022772010572549
0.0000000000010227720107300763
0.0000000000010227720109022524
0.0000000000010227720110727377
0.0000000000010227720112562375
0.0000000000010227720114336261
0.000000000001022772011609437
0.000000000001022772011775005
0.0000000000010227720119172111
0.0000000000010227720120518198
0.000000000001022772012172447
0.0000000000010227720122547054
0.0000000000010227720123274434
0.0000000000010227720123776028
0.0000000000010227720123910885
0.000000000001022772012381031
0.000000000001022772012340248
0.0000000000010227720122703589
0.0000000000010227720121894034
0.0000000000010227720120698084
0.0000000000010227720119435646
0.0000000000010227720117982906
0.0000000000010227720116329263
0.0000000000010227720114605218
0.000000000001022772011285092
0.0000000000010227720111044254
0.0000000000010227720109396494
0.0000000000010227720107667541
0.000000000001022772010600214
0.0000000000010227720104377832
0.0000000000010227720102784734
0.0000000000010227720101591674
0.0000000000010227720100279976
0.0000000000010227720098945816
0.000000000001022772009810437
0.0000000000010227720097059471
0.0000000000010227720096409555
0.0000000000010227720095722038
0.0000000000010227720095152676
0.0000000000010227720094564726
0.0000000000010227720094327279
0.0000000000010227720094031303
0.0000000000010227720093728807
0.0000000000010227720093277196
0.0000000000010227720093262242
0.000000000001022772009294575
0.0000000000010227720092938868
0.0000000000010227720092667017
0.0000000000010227720092668229
0.0000000000010227720092665977
0.0000000000010227720092663677
0.0000000000010227720092662332
0.0000000000010227720092660072
0.0000000000010227720092665539
0.0000000000010227720092662425
0.0000000000010227720092664486
0.000000000001022772009266456
0.0000000000010227720092665738
0.0000000000010227720092665268
0.0000000000010227720092667732
0.0000000000010227720092666623
0.0000000000010227720092663745
0.0000000000010227720092661984
0.0000000000010227720092656168
0.0000000000010227720092459244
0.0000000000010227720092465882
0.0000000000010227720092662081
0.0000000000010227720092662677
0.0000000000010227720092663986
0.0000000000010227720092663646
0.0000000000010227720092665841
0.0000000000010227720092663414
0.0000000000010227720092663608
0.0000000000010227720092665732
0.0000000000010227720092663347
0.0000000000010227720092663267
0.0000000000010227720092665054
0.0000000000010227720092661798
0.0000000000010227720092670006
0.0000000000010227720092662921
0.0000000000010227720092666258
0.0000000000010227720092663699
0.000000000001022772009266643
0.0000000000010227720092666926
0.0000000000010227720092671821
0.000000000001022772009294004
0.0000000000010227720092945102
0.000000000001022772009295585
0.0000000000010227720093263484
0.0000000000010227720093711605
0.0000000000010227720093742812
0.000000000001022772009403231
0.0000000000010227720094320516
0.0000000000010227720094751684
0.000000000001022772009517335
0.000000000001022772009592212
0.0000000000010227720096364472
0.0000000000010227720097052873
0.0000000000010227720097824956
0.0000000000010227720098571828
0.000000000001022772009939892
0.0000000000010227720100363896
0.000000000001022772010140274
0.0000000000010227720102436167
0.0000000000010227720103554178
0.000000000001022772010449715
0.000000000001022772010567615
0.0000000000010227720106556813
0.0000000000010227720107649534
0.0000000000010227720108484752
0.0000000000010227720109300357
0.000000000001022772011000308
0.0000000000010227720110474915
0.0000000000010227720110862088
0.0000000000010227720111133677
0.0000000000010227720111271642
0.0000000000010227720111173194
0.0000000000010227720110930702
0.0000000000010227720110550488
0.0000000000010227720110115214
0.0000000000010227720109506863
0.0000000000010227720108584003
0.0000000000010227720107800395
0.0000000000010227720106709646
0.0000000000010227720105807045
0.0000000000010227720104658607
0.0000000000010227720103747448
0.0000000000010227720102550218
0.000000000001022772010162593
0.0000000000010227720100536907
0.000000000001022772009969464
0.000000000001022772009864092
0.0000000000010227720097944789
0.000000000001022772009705865
0.0000000000010227720096446546
0.0000000000010227720095926745
0.000000000001022772009516805
0.0000000000010227720094842803
0.0000000000010227720094420581
0.0000000000010227720094044464
0.0000000000010227720093791472
0.0000000000010227720093721686
0.0000000000010227720093278383
0.0000000000010227720093227181
0.0000000000010227720092945413
0.0000000000010227720092944169
0.0000000000010227720092671092
0.0000000000010227720092667695
0.000000000001022772009266088
0.0000000000010227720092662043
0.0000000000010227720092663317
0.0000000000010227720092662952
0.000000000001022772009266598
0.0000000000010227720092664913
0.0000000000010227720092665276
0.0000000000010227720092663386
0.0000000000010227720092662273
0.0000000000010227720092660948
0.0000000000010227720092666882
0.0000000000010227720092666134
0.0000000000010227720092665381
0.000000000001022772009266182
0.0000000000010227720092658802
0.0000000000010227720092663323
0.0000000000010227720092660346
0.0000000000010227720092472015
0.000000000001022772009245865
0.0000000000010227720092659468
0.0000000000010227720092665171
0.0000000000010227720092662746
0.000000000001022772009266722
0.0000000000010227720092662188
0.0000000000010227720092664452
0.0000000000010227720092665383
0.0000000000010227720092666498
0.0000000000010227720092666203
0.000000000001022772009266366
0.0000000000010227720092663541
0.000000000001022772009266321
0.0000000000010227720092665878
0.0000000000010227720092663428
0.0000000000010227720092663535
0.0000000000010227720092667994
0.0000000000010227720092663368
0.0000000000010227720092665553
0.000000000001022772009266472
0.00000000000102277200926682
0.0000000000010227720092674721
0.0000000000010227720092940065
0.0000000000010227720092944625
0.0000000000010227720092957229
0.0000000000010227720093251857
0.0000000000010227720093274403
0.0000000000010227720093717197
0.0000000000010227720094030173
0.0000000000010227720094321354
0.0000000000010227720094527234
0.0000000000010227720094844029
0.0000000000010227720095163127
0.0000000000010227720095645935
0.0000000000010227720096202856
0.0000000000010227720096602896
0.0000000000010227720097107264
0.000000000001022772009783214
0.0000000000010227720098394915
0.0000000000010227720098928445
0.0000000000010227720099709163
0.000000000001022772010029759
0.00000000000102277201008243
0.000000000001022772010158851
0.000000000001022772010203888
0.0000000000010227720102453929
0.0000000000010227720102813851
0.0000000000010227720103189304
0.0000000000010227720103534567
0.0000000000010227720103672235
0.0000000000010227720103754064
0.0000000000010227720103696028
0.0000000000010227720103557597
0.0000000000010227720103263417
0.0000000000010227720102881886
0.0000000000010227720102502905
0.0000000000010227720102149968
0.0000000000010227720101628408
0.000000000001022772010090673
0.0000000000010227720100365603
0.0000000000010227720099812597
0.0000000000010227720099047443
0.0000000000010227720098484928
0.0000000000010227720097959614
0.000000000001022772009742391
0.0000000000010227720096740255
0.0000000000010227720096215925
0.0000000000010227720095882055
0.0000000000010227720095168331
0.000000000001022772009484517
0.0000000000010227720094562129
0.0000000000010227720094328531
0.0000000000010227720094038222
0.0000000000010227720093730754
0.0000000000010227720093273193
0.0000000000010227720093257752
0.0000000000010227720092958903
0.0000000000010227720092941951
0.000000000001022772009294231
0.0000000000010227720092677815
0.0000000000010227720092666766
0.000000000001022772009266374
0.0000000000010227720092664898
0.000000000001022772009266393
0.000000000001022772009266352
0.0000000000010227720092663236
0.0000000000010227720092666982
0.0000000000010227720092664915
0.0000000000010227720092666179
0.0000000000010227720092667504
0.00000000000102277200926659
0.0000000000010227720092664854
0.00000000000102277200926627
0.0000000000010227720092666148
0.0000000000010227720092664987
0.0000000000010227720092665308
0.000000000001022772009266542
0.0000000000010227720092661257
0.000000000001022772009265947
0.0000000000010227720092655082
0.000000000001022772009246945
0.0000000000010227720092469184
0.0000000000010227720092659957
0.0000000000010227720092665018
0.0000000000010227720092667358
0.0000000000010227720092666948
0.0000000000010227720092662786
0.000000000001022772009266182
0.0000000000010227720092665654
0.0000000000010227720092665375
0.0000000000010227720092666258
0.0000000000010227720092666213
0.0000000000010227720092661883
0.0000000000010227720092661447
0.0000000000010227720092665472
0.0000000000010227720092663945
0.0000000000010227720092664886
0.0000000000010227720092665803
0.0000000000010227720092662501
0.0000000000010227720092662572
0.0000000000010227720092662725
0.0000000000010227720092664543
0.0000000000010227720092664614
0.0000000000010227720092667158
0.0000000000010227720092670414
0.000000000001022772009294029
0.0000000000010227720092946548
0.0000000000010227720092954173
0.0000000000010227720093247837
0.0000000000010227720093260103
0.0000000000010227720093551615
0.0000000000010227720093734789
0.000000000001022772009403164
0.0000000000010227720094145723
0.0000000000010227720094323147
0.0000000000010227720094569556
0.0000000000010227720094848766
0.0000000000010227720095169575
0.0000000000010227720095641733
0.0000000000010227720096025623
0.0000000000010227720096430971
0.0000000000010227720096737396
0.0000000000010227720097064387
0.0000000000010227720097530558
0.0000000000010227720097836742
0.0000000000010227720098116534
0.0000000000010227720098394724
0.0000000000010227720098632324
0.0000000000010227720098732381
0.000000000001022772009891243
0.0000000000010227720098935192
0.0000000000010227720098967978
0.0000000000010227720098945512
0.0000000000010227720098911477
0.0000000000010227720098775433
0.0000000000010227720098634059
0.000000000001022772009840364
0.0000000000010227720098160421
0.0000000000010227720097885715
0.0000000000010227720097550727
0.0000000000010227720097066402
0.0000000000010227720096739276
0.0000000000010227720096448315
0.0000000000010227720096213495
0.0000000000010227720095792693
0.0000000000010227720095250135
0.0000000000010227720094862174
0.0000000000010227720094574848
0.000000000001022772009439615
0.0000000000010227720094319518
0.0000000000010227720094040559
0.0000000000010227720093743371
0.0000000000010227720093717623
0.0000000000010227720093274146
0.0000000000010227720093255074
0.0000000000010227720092946398
0.000000000001022772009294902
0.000000000001022772009294136
0.000000000001022772009266828
0.0000000000010227720092665553
0.0000000000010227720092665502
0.00000000000102277200926629
0.0000000000010227720092664925
0.0000000000010227720092663973
0.0000000000010227720092665147
0.0000000000010227720092665363
0.000000000001022772009266623
0.0000000000010227720092665298
0.00000000000102277200926659
0.0000000000010227720092662536
0.0000000000010227720092663652
0.0000000000010227720092662946
0.0000000000010227720092662707
0.0000000000010227720092661572
0.0000000000010227720092665357
0.0000000000010227720092665298
0.0000000000010227720092666213
0.000000000001022772009266574
0.0000000000010227720092662214
0.0000000000010227720092661673
0.0000000000010227720092656592
0.0000000000010227720092459113
0.0000000000010227720092449428
0.000000000001022772009266037
0.0000000000010227720092665238
0.000000000001022772009266234
0.0000000000010227720092663362
0.0000000000010227720092664935
0.0000000000010227720092664913
0.0000000000010227720092663913
0.0000000000010227720092664264
0.000000000001022772009266597
0.0000000000010227720092664551
0.0000000000010227720092661558
0.0000000000010227720092665106
0.0000000000010227720092666799
0.0000000000010227720092660011
0.0000000000010227720092665322
0.0000000000010227720092666993
0.0000000000010227720092667578
0.0000000000010227720092667257
0.0000000000010227720092664099
0.0000000000010227720092662808
0.00000000000102277200926629
0.0000000000010227720092663685
0.000000000001022772009266566
0.000000000001022772009266863
0.000000000001022772009267061
0.0000000000010227720092936909
0.0000000000010227720092942725
0.0000000000010227720092945237
0.0000000000010227720092955322
0.0000000000010227720093246992
0.0000000000010227720093265242
0.000000000001022772009327754
0.0000000000010227720093704024
0.0000000000010227720093763867
0.000000000001022772009403177
0.0000000000010227720094315415
0.0000000000010227720094324866
0.0000000000010227720094565437
0.0000000000010227720094843425
0.0000000000010227720094852403
0.00000000000102277200951651
0.0000000000010227720095615574
0.0000000000010227720095637952
0.0000000000010227720095929544
0.0000000000010227720095959165
0.0000000000010227720096204642
0.0000000000010227720096221137
0.0000000000010227720096267932
0.0000000000010227720096385006
0.0000000000010227720096436192
0.00000000000102277200963982
0.000000000001022772009629693
0.000000000001022772009622357
0.0000000000010227720096213465
0.0000000000010227720095998923
0.000000000001022772009592953
0.000000000001022772009566714
0.0000000000010227720095622911
0.0000000000010227720095164983
0.0000000000010227720094890038
0.0000000000010227720094841882
0.0000000000010227720094561604
0.0000000000010227720094335147
0.0000000000010227720094319821
0.000000000001022772009404158
0.0000000000010227720094008295
0.0000000000010227720093734625
0.0000000000010227720093645412
0.0000000000010227720093272765
0.0000000000010227720093258564
0.0000000000010227720092957724
0.0000000000010227720092946697
0.0000000000010227720092946875
0.000000000001022772009293897
0.0000000000010227720092667219
0.0000000000010227720092665068
0.0000000000010227720092663418
0.0000000000010227720092664474
0.0000000000010227720092663737
0.0000000000010227720092663273
0.0000000000010227720092664072
0.0000000000010227720092667114
0.0000000000010227720092665823
0.0000000000010227720092664602
0.0000000000010227720092665955
0.0000000000010227720092662158
0.0000000000010227720092665022
0.000000000001022772009266628
0.0000000000010227720092666197
0.0000000000010227720092663568
0.000000000001022772009266262
0.00000000000102277200926635
0.0000000000010227720092664658
0.0000000000010227720092664585
0.0000000000010227720092664656
0.0000000000010227720092664781
0.0000000000010227720092666516
0.0000000000010227720092664551
0.0000000000010227720092658723
0.0000000000010227720092474592
0.0000000000010227720092450393
0.0000000000010227720092659256
0.0000000000010227720092663242
0.0000000000010227720092663866
0.0000000000010227720092665104
0.0000000000010227720092663299
0.00000000000102277200926651
0.0000000000010227720092664884
0.0000000000010227720092663919
0.0000000000010227720092667911
0.0000000000010227720092662562
0.0000000000010227720092661792
0.000000000001022772009266621
0.0000000000010227720092665005
0.0000000000010227720092664557
0.0000000000010227720092665411
0.0000000000010227720092667
0.0000000000010227720092664293
0.0000000000010227720092665127
0.0000000000010227720092662839
0.0000000000010227720092667277
0.0000000000010227720092663434
0.0000000000010227720092665627
0.0000000000010227720092665446
0.000000000001022772009266366
0.000000000001022772009266687
0.0000000000010227720092666958
0.0000000000010227720092666431
0.0000000000010227720092669543
0.000000000001022772009293773
0.0000000000010227720092946164
0.0000000000010227720092947242
0.0000000000010227720092952059
0.0000000000010227720093166278
0.0000000000010227720093255103
0.0000000000010227720093260588
0.0000000000010227720093425541
0.0000000000010227720093715917
0.0000000000010227720093741514
0.0000000000010227720094029813
0.000000000001022772009404061
0.0000000000010227720094056737
0.0000000000010227720094321475
0.0000000000010227720094329937
0.000000000001022772009442563
0.0000000000010227720094562197
0.0000000000010227720094565396
0.000000000001022772009456639
0.0000000000010227720094590351
0.000000000001022772009469085
0.0000000000010227720094745336
0.0000000000010227720094707188
0.000000000001022772009460385
0.0000000000010227720094564118
0.0000000000010227720094567083
0.0000000000010227720094564938
0.0000000000010227720094511662
0.000000000001022772009433348
0.0000000000010227720094330423
0.0000000000010227720094144433
0.0000000000010227720094038935
0.0000000000010227720094034234
0.0000000000010227720093738238
0.0000000000010227720093728003
0.0000000000010227720093721381
0.0000000000010227720093278773
0.000000000001022772009326261
0.0000000000010227720093257142
0.0000000000010227720092954046
0.0000000000010227720092941737
0.0000000000010227720092947358
0.0000000000010227720092940404
0.00000000000102277200926684
0.000000000001022772009266611
0.0000000000010227720092667988
0.000000000001022772009266192
0.000000000001022772009266425
0.0000000000010227720092662376
0.0000000000010227720092664145
0.0000000000010227720092662075
0.0000000000010227720092664993
0.0000000000010227720092664967
0.0000000000010227720092663382
0.000000000001022772009266483
0.000000000001022772009266552
0.0000000000010227720092664816
0.0000000000010227720092664767
0.000000000001022772009266262
0.000000000001022772009266655
0.0000000000010227720092663366
0.0000000000010227720092663454
0.0000000000010227720092661148
0.0000000000010227720092662501
0.0000000000010227720092662616
0.0000000000010227720092663186
0.0000000000010227720092664234
0.000000000001022772009266431
0.000000000001022772009266389
0.0000000000010227720092660956
0.0000000000010227720092654906
0.0000000000010227720092469184
0.0000000000010227720092459141
0.000000000001022772009266201
0.0000000000010227720092665702
0.0000000000010227720092665559
0.0000000000010227720092661197
0.0000000000010227720092662459
0.0000000000010227720092663889
0.0000000000010227720092664876
0.0000000000010227720092665078
0.0000000000010227720092664973
0.000000000001022772009266515
0.0000000000010227720092660294
0.0000000000010227720092666195
0.0000000000010227720092667663
0.0000000000010227720092663923
0.0000000000010227720092664626
0.0000000000010227720092664717
0.000000000001022772009266464
0.0000000000010227720092667429
0.000000000001022772009266557
0.0000000000010227720092661257
0.0000000000010227720092662576
0.0000000000010227720092664945
0.0000000000010227720092669735
0.0000000000010227720092666177
0.0000000000010227720092664668
0.0000000000010227720092662227
0.0000000000010227720092665745
0.0000000000010227720092666399
0.0000000000010227720092666417
0.0000000000010227720092668802
0.0000000000010227720092670496
0.0000000000010227720092937561
0.0000000000010227720092944538
0.0000000000010227720092947477
0.0000000000010227720092946481
0.00000000000102277200929511
0.0000000000010227720092960103
0.0000000000010227720093252576
0.0000000000010227720093264647
0.000000000001022772009326693
0.0000000000010227720093268989
0.0000000000010227720093706205
0.0000000000010227720093726686
0.0000000000010227720093733791
0.000000000001022772009373617
0.0000000000010227720093736392
0.0000000000010227720093737741
0.000000000001022772009383365
0.0000000000010227720093997443
0.0000000000010227720094032953
0.0000000000010227720094024651
0.0000000000010227720093865877
0.000000000001022772009374158
0.0000000000010227720093736915
0.0000000000010227720093737967
0.0000000000010227720093735485
0.0000000000010227720093723942
0.0000000000010227720093718988
0.0000000000010227720093275982
0.000000000001022772009326481
0.0000000000010227720093261309
0.000000000001022772009325929
0.0000000000010227720093092932
0.0000000000010227720092952673
0.0000000000010227720092948167
0.0000000000010227720092945722
0.0000000000010227720092944688
0.0000000000010227720092939385
0.0000000000010227720092667839
0.0000000000010227720092667924
0.000000000001022772009266666
0.0000000000010227720092661166
0.000000000001022772009266461
0.0000000000010227720092663975
0.0000000000010227720092663755
0.0000000000010227720092662362
0.0000000000010227720092664864
0.0000000000010227720092664083
0.000000000001022772009266174
0.0000000000010227720092665417
0.0000000000010227720092662845
0.0000000000010227720092664513
0.00000000000102277200926654
0.0000000000010227720092662536
0.0000000000010227720092664957
0.0000000000010227720092666373
0.0000000000010227720092665159
0.0000000000010227720092665003
0.0000000000010227720092662146
0.0000000000010227720092664737
0.0000000000010227720092666064
0.0000000000010227720092662146
0.0000000000010227720092664696
0.0000000000010227720092659668
0.0000000000010227720092661187
0.0000000000010227720092663941
0.0000000000010227720092663069
0.0000000000010227720092663404
0.0000000000010227720092660904
0.0000000000010227720092464887
0.0000000000010227720092464709
0.0000000000010227720092660613
0.0000000000010227720092665749
0.0000000000010227720092663493
0.000000000001022772009266412
0.0000000000010227720092664593
0.0000000000010227720092664545
0.000000000001022772009266556
0.0000000000010227720092667907
0.000000000001022772009266524
0.0000000000010227720092663093
0.0000000000010227720092667613
0.0000000000010227720092666504
0.0000000000010227720092665963
0.000000000001022772009266509
0.0000000000010227720092666064
0.0000000000010227720092664371
0.000000000001022772009266801
0.0000000000010227720092666817
0.0000000000010227720092662647
0.0000000000010227720092664212
0.000000000001022772009266446
0.0000000000010227720092663297
0.0000000000010227720092665508
0.0000000000010227720092667057
0.0000000000010227720092662937
0.000000000001022772009266337
0.0000000000010227720092664155
0.0000000000010227720092663656
0.0000000000010227720092664539
0.0000000000010227720092663507
0.0000000000010227720092666758
0.000000000001022772009266609
0.0000000000010227720092666886
0.000000000001022772009266752
0.0000000000010227720092672726
0.0000000000010227720092938702
0.0000000000010227720092943076
0.0000000000010227720092947644
0.0000000000010227720092945526
0.000000000001022772009294673
0.0000000000010227720092946334
0.0000000000010227720092953903
0.0000000000010227720092953899
0.0000000000010227720093117428
0.0000000000010227720093259144
0.0000000000010227720093260083
0.0000000000010227720093259138
0.0000000000010227720093257223
0.0000000000010227720093261953
0.0000000000010227720093266884
0.000000000001022772009326352
0.0000000000010227720093261074
0.0000000000010227720093260527
0.0000000000010227720093256833
0.0000000000010227720093256518
0.0000000000010227720093248636
0.000000000001022772009296007
0.0000000000010227720092952002
0.0000000000010227720092945124
0.0000000000010227720092946253
0.0000000000010227720092944066
0.0000000000010227720092945932
0.0000000000010227720092942234
0.0000000000010227720092940142
0.0000000000010227720092667148
0.0000000000010227720092665854
0.0000000000010227720092670026
0.00000000000102277200926663
0.0000000000010227720092662725
0.0000000000010227720092665345
0.000000000001022772009266491
0.000000000001022772009266517
0.000000000001022772009266644
0.0000000000010227720092663812
0.000000000001022772009266508
0.000000000001022772009266296
0.0000000000010227720092666863
0.0000000000010227720092667645
0.000000000001022772009266442
0.0000000000010227720092666815
0.0000000000010227720092664056
0.0000000000010227720092665716
0.0000000000010227720092662513
0.0000000000010227720092667233
0.0000000000010227720092662576
0.0000000000010227720092664143
0.0000000000010227720092665423
0.0000000000010227720092668788
0.000000000001022772009266612
0.000000000001022772009266446
0.0000000000010227720092663984
0.0000000000010227720092665993
0.0000000000010227720092665488
0.0000000000010227720092665096
0.0000000000010227720092661609
0.0000000000010227720092665417
0.0000000000010227720092664523
0.000000000001022772009266653
0.0000000000010227720092662542
0.0000000000010227720092468116
0.0000000000010227720092467338
0.0000000000010227720092662225
0.0000000000010227720092664246
0.0000000000010227720092667645
0.0000000000010227720092666968
0.0000000000010227720092665193
0.000000000001022772009266494
0.0000000000010227720092665553
0.0000000000010227720092666302
0.0000000000010227720092663257
0.0000000000010227720092666118
0.00000000000102277200926687
0.000000000001022772009266362
0.00000000000102277200926658
0.0000000000010227720092660262
0.0000000000010227720092662736
0.0000000000010227720092664494
0.000000000001022772009266559
0.0000000000010227720092664652
0.0000000000010227720092666058
0.0000000000010227720092666189
0.0000000000010227720092665201
0.0000000000010227720092667392
0.000000000001022772009266614
0.000000000001022772009266388
0.0000000000010227720092665496
0.0000000000010227720092663984
0.0000000000010227720092663875
0.0000000000010227720092660167
0.0000000000010227720092661897
0.0000000000010227720092666138
0.0000000000010227720092668804
0.0000000000010227720092664303
0.000000000001022772009266396
0.0000000000010227720092664416
0.0000000000010227720092663194
0.000000000001022772009266827
0.0000000000010227720092666233
0.0000000000010227720092670545
0.0000000000010227720092665407
0.0000000000010227720092667703
0.0000000000010227720092672419
0.000000000001022772009294413
0.0000000000010227720092944207
0.0000000000010227720092943484
0.000000000001022772009294641
0.0000000000010227720092943969
0.0000000000010227720092943571
0.0000000000010227720092946182
0.0000000000010227720092944064
0.000000000001022772009294756
0.0000000000010227720092945714
0.0000000000010227720092948507
0.0000000000010227720092944993
0.0000000000010227720092943995
0.0000000000010227720092947687
0.000000000001022772009294437
0.000000000001022772009294295
0.000000000001022772009294136
0.000000000001022772009269054
0.0000000000010227720092669355
0.0000000000010227720092667463
0.0000000000010227720092668463
0.0000000000010227720092663608
0.0000000000010227720092667217
0.000000000001022772009266175
0.000000000001022772009266492
0.0000000000010227720092664252
0.0000000000010227720092660128
0.0000000000010227720092661784
0.0000000000010227720092664337
0.0000000000010227720092661389
0.0000000000010227720092669168
0.0000000000010227720092663608
0.000000000001022772009266313
0.0000000000010227720092665512
0.0000000000010227720092662857
0.000000000001022772009266325
0.0000000000010227720092664664
0.0000000000010227720092661712
0.0000000000010227720092665488
0.000000000001022772009266581
0.000000000001022772009266145
0.0000000000010227720092665294
0.000000000001022772009266563
0.0000000000010227720092664626
0.000000000001022772009266498
0.000000000001022772009266384
0.0000000000010227720092663832
0.0000000000010227720092667271
0.0000000000010227720092667996
0.000000000001022772009266749
0.0000000000010227720092663012
0.0000000000010227720092664476
0.000000000001022772009266469
0.0000000000010227720092663049
0.000000000001022772009266409
0.0000000000010227720092666367
0.0000000000010227720092662665
0.0000000000010227720092655282
0.000000000001022772009246634
0.0000000000010227720092459626
0.0000000000010227720092662578
0.0000000000010227720092665288
0.0000000000010227720092665728
0.0000000000010227720092666052
0.00000000000102277200926655
0.0000000000010227720092664056
0.000000000001022772009266352
0.0000000000010227720092661116
0.0000000000010227720092665979
0.0000000000010227720092663648
0.0000000000010227720092666379
0.0000000000010227720092664076
0.0000000000010227720092664008
0.0000000000010227720092663852
0.0000000000010227720092661286
0.00000000000102277200926638
0.0000000000010227720092662168
0.0000000000010227720092664385
0.0000000000010227720092668249
0.0000000000010227720092661286
0.0000000000010227720092662855
0.0000000000010227720092665684
0.0000000000010227720092662976
0.0000000000010227720092665373
0.0000000000010227720092666379
0.0000000000010227720092664192
0.000000000001022772009266227
0.000000000001022772009266301
0.0000000000010227720092662162
0.0000000000010227720092667219
0.0000000000010227720092665
0.0000000000010227720092663483
0.0000000000010227720092665545
0.000000000001022772009266601
0.00000000000102277200926644
0.0000000000010227720092664824
0.0000000000010227720092662808
0.0000000000010227720092661966
0.0000000000010227720092664743
0.000000000001022772009266617
0.000000000001022772009266288
0.0000000000010227720092667639
0.0000000000010227720092666498
0.0000000000010227720092666966
0.0000000000010227720092667205
0.0000000000010227720092668083
0.0000000000010227720092665016
0.0000000000010227720092667924
0.000000000001022772009266427
0.000000000001022772009266766
0.0000000000010227720092666344
0.000000000001022772009266453
0.0000000000010227720092667209
0.0000000000010227720092665569
0.0000000000010227720092666766
0.0000000000010227720092665886
0.0000000000010227720092667334
0.0000000000010227720092665046
0.0000000000010227720092663299
0.0000000000010227720092663937
0.0000000000010227720092662483
0.0000000000010227720092664923
0.0000000000010227720092663307
0.0000000000010227720092663438
0.0000000000010227720092664428
0.0000000000010227720092662156
0.0000000000010227720092665207
0.000000000001022772009266455
0.0000000000010227720092665236
0.0000000000010227720092662233
0.0000000000010227720092663283
0.0000000000010227720092666132
0.0000000000010227720092667106
0.0000000000010227720092666177
0.0000000000010227720092663717
0.00000000000102277200926635
0.0000000000010227720092664886
0.0000000000010227720092664194
0.0000000000010227720092665413
0.0000000000010227720092662669
0.0000000000010227720092662473
0.000000000001022772009266469
0.0000000000010227720092663216
0.0000000000010227720092663386
0.000000000001022772009266486
0.000000000001022772009266448
0.0000000000010227720092668628
0.000000000001022772009266291
0.0000000000010227720092664127
0.0000000000010227720092664171
0.0000000000010227720092665959
0.0000000000010227720092666437
0.0000000000010227720092665413
0.0000000000010227720092662273
0.0000000000010227720092665454
0.0000000000010227720092667384
0.0000000000010227720092665518
0.000000000001022772009266321
0.0000000000010227720092658478
0.0000000000010227720092472116
0.0000000000010227720092456902
0.0000000000010227720092661857
0.000000000001022772009266141
0.000000000001022772009266701
0.0000000000010227720092667182
0.0000000000010227720092661712
0.0000000000010227720092661374
0.0000000000010227720092664198
0.0000000000010227720092664864
0.0000000000010227720092666989
0.000000000001022772009266531
0.0000000000010227720092668303
0.0000000000010227720092665987
0.0000000000010227720092663311
0.0000000000010227720092660094
0.0000000000010227720092662847
0.00000000000102277200926614
0.0000000000010227720092664418
0.0000000000010227720092665977
0.0000000000010227720092662204
0.0000000000010227720092664919
0.0000000000010227720092663483
0.0000000000010227720092664488
0.0000000000010227720092666653
0.0000000000010227720092667594
0.0000000000010227720092662804
0.0000000000010227720092663927
0.000000000001022772009266336
0.0000000000010227720092668057
0.0000000000010227720092663743
0.0000000000010227720092664634
0.000000000001022772009266397
0.0000000000010227720092663992
0.0000000000010227720092665026
0.0000000000010227720092665785
0.0000000000010227720092665365
0.0000000000010227720092663045
0.000000000001022772009266397
0.000000000001022772009266512
0.0000000000010227720092663535
0.0000000000010227720092665238
0.0000000000010227720092662806
0.000000000001022772009266507
0.0000000000010227720092666332
0.0000000000010227720092664525
0.00000000000102277200926653
0.000000000001022772009266555
0.0000000000010227720092662624
0.0000000000010227720092665769
0.0000000000010227720092663337
0.0000000000010227720092662937
0.0000000000010227720092666193
0.0000000000010227720092664763
0.0000000000010227720092661366
0.0000000000010227720092663735
0.0000000000010227720092662295
0.0000000000010227720092664523
0.000000000001022772009266374
0.0000000000010227720092663434
0.0000000000010227720092664127
0.0000000000010227720092665765
0.0000000000010227720092664488
0.000000000001022772009266421
0.0000000000010227720092665112
0.0000000000010227720092664133
0.0000000000010227720092665187
0.0000000000010227720092662847
0.0000000000010227720092662693
0.0000000000010227720092663521
0.0000000000010227720092663971
0.000000000001022772009266304
0.0000000000010227720092663454
0.0000000000010227720092668984
0.000000000001022772009266559
0.0000000000010227720092663323
0.0000000000010227720092665817
0.0000000000010227720092664196
0.0000000000010227720092662344
0.0000000000010227720092664329
0.0000000000010227720092663648
0.0000000000010227720092665125
0.0000000000010227720092667572
0.0000000000010227720092663333
0.0000000000010227720092665704
0.0000000000010227720092664188
0.0000000000010227720092665827
0.0000000000010227720092662857
0.0000000000010227720092665452
0.0000000000010227720092664882
0.0000000000010227720092663699
0.0000000000010227720092665642
0.0000000000010227720092663848
0.0000000000010227720092662188
0.0000000000010227720092662162
0.0000000000010227720092662663
0.0000000000010227720092664896
0.000000000001022772009266303
0.0000000000010227720092663434
0.0000000000010227720092663658
0.0000000000010227720092660647
0.0000000000010227720092458921
0.0000000000010227720092461165
0.0000000000010227720092656649
0.0000000000010227720092665258
0.0000000000010227720092663555
0.0000000000010227720092662396
0.0000000000010227720092661726
0.0000000000010227720092662366
0.000000000001022772009266779
0.0000000000010227720092665119
0.0000000000010227720092663277
0.0000000000010227720092665539
0.0000000000010227720092663856
0.000000000001022772009266511
0.0000000000010227720092665858
0.0000000000010227720092661974
0.0000000000010227720092663578
0.0000000000010227720092663307
0.0000000000010227720092664373
0.000000000001022772009266554
0.0000000000010227720092660552
0.0000000000010227720092665383
0.0000000000010227720092666605
0.0000000000010227720092662112
0.0000000000010227720092666855
0.0000000000010227720092666054
0.0000000000010227720092665125
0.0000000000010227720092664864
0.0000000000010227720092665203
0.0000000000010227720092665514
0.000000000001022772009266723
0.0000000000010227720092664612
0.0000000000010227720092667263
0.000000000001022772009266642
0.0000000000010227720092666603
0.000000000001022772009266763
0.0000000000010227720092665286
0.0000000000010227720092664949
0.000000000001022772009266286
0.0000000000010227720092667554
0.0000000000010227720092667162
0.0000000000010227720092665631
0.0000000000010227720092664351
0.0000000000010227720092666205
0.0000000000010227720092663582
0.0000000000010227720092665288
0.0000000000010227720092665014
0.0000000000010227720092668879
0.0000000000010227720092665646
0.000000000001022772009266599
0.0000000000010227720092664787
0.0000000000010227720092665363
0.000000000001022772009266522
0.0000000000010227720092664563
0.0000000000010227720092665333
0.0000000000010227720092661306
0.000000000001022772009266376
0.000000000001022772009266707
0.000000000001022772009266646
0.0000000000010227720092669153
0.0000000000010227720092668162
0.0000000000010227720092665254
0.0000000000010227720092663737
0.0000000000010227720092661964
0.0000000000010227720092665924
0.0000000000010227720092667956
0.0000000000010227720092666855
0.0000000000010227720092664523
0.0000000000010227720092664947
0.0000000000010227720092664204
0.000000000001022772009266525
0.0000000000010227720092663368
0.0000000000010227720092664432
0.0000000000010227720092665119
0.0000000000010227720092660554
0.0000000000010227720092664305
0.0000000000010227720092665066
0.0000000000010227720092661255
0.0000000000010227720092666389
0.0000000000010227720092666613
0.0000000000010227720092663077
0.0000000000010227720092669141
0.0000000000010227720092664715
0.0000000000010227720092665145
0.0000000000010227720092665827
0.0000000000010227720092667584
0.00000000000102277200926647
0.0000000000010227720092664684
0.0000000000010227720092662667
0.00000000000102277200926641
0.0000000000010227720092663786
0.0000000000010227720092662968
0.0000000000010227720092664551
0.0000000000010227720092666221
0.0000000000010227720092664595
0.0000000000010227720092665601
0.0000000000010227720092666403
0.0000000000010227720092666542
0.0000000000010227720092661595
0.0000000000010227720092663909
0.0000000000010227720092664583
0.000000000001022772009246267
0.0000000000010227720092465151
0.0000000000010227720092658909
0.0000000000010227720092664838
0.0000000000010227720092664107
0.0000000000010227720092662954
0.0000000000010227720092661673
0.0000000000010227720092664117
0.0000000000010227720092662925
0.0000000000010227720092661908
0.00000000000102277200926636
0.000000000001022772009266662
0.0000000000010227720092663206
0.000000000001022772009266518
0.0000000000010227720092665627
0.0000000000010227720092662521
0.0000000000010227720092664814
0.000000000001022772009266345
0.0000000000010227720092663662
0.000000000001022772009266373
0.0000000000010227720092666157
0.0000000000010227720092662303
0.0000000000010227720092665825
0.0000000000010227720092663
0.0000000000010227720092663366
0.0000000000010227720092662883
0.000000000001022772009266633
0.0000000000010227720092663713
0.0000000000010227720092662346
0.0000000000010227720092662322
0.000000000001022772009266483
0.0000000000010227720092665143
0.0000000000010227720092668725
0.0000000000010227720092662836
0.0000000000010227720092665898
0.0000000000010227720092664024
0.0000000000010227720092663456
0.0000000000010227720092664282
0.000000000001022772009266601
0.0000000000010227720092665502
0.0000000000010227720092666393
0.0000000000010227720092662237
0.0000000000010227720092665316
0.0000000000010227720092666253
0.000000000001022772009266292
0.0000000000010227720092662255
0.0000000000010227720092666684
0.000000000001022772009266737
0.0000000000010227720092667126
0.0000000000010227720092666314
0.0000000000010227720092662911
0.0000000000010227720092666155
0.0000000000010227720092661687
0.0000000000010227720092662297
0.00000000000102277200926642
0.0000000000010227720092662445
0.0000000000010227720092665914
0.0000000000010227720092664628
0.0000000000010227720092665462
0.0000000000010227720092667493
0.0000000000010227720092665757
0.0000000000010227720092664985
0.0000000000010227720092663537
0.000000000001022772009266584
0.000000000001022772009266394
0.0000000000010227720092663816
0.0000000000010227720092664278
0.0000000000010227720092664884
0.000000000001022772009266597
0.0000000000010227720092663426
0.0000000000010227720092663145
0.0000000000010227720092664478
0.0000000000010227720092662348
0.0000000000010227720092662683
0.0000000000010227720092663287
0.0000000000010227720092665248
0.000000000001022772009266468
0.0000000000010227720092663341
0.0000000000010227720092664046
0.0000000000010227720092664652
0.0000000000010227720092666221
0.0000000000010227720092664125
0.0000000000010227720092665969
0.0000000000010227720092660447
0.0000000000010227720092662685
0.0000000000010227720092663725
0.0000000000010227720092661653
0.0000000000010227720092665268
0.000000000001022772009266184
0.0000000000010227720092663047
0.0000000000010227720092665648
0.0000000000010227720092664232
0.0000000000010227720092667572
0.0000000000010227720092662897
0.000000000001022772009266468
0.000000000001022772009266433
0.000000000001022772009266353
0.000000000001022772009266074
0.0000000000010227720092666641
0.0000000000010227720092664838
0.0000000000010227720092651945
0.0000000000010227720092457227
0.0000000000010227720092451736
0.0000000000010227720092654827
0.0000000000010227720092662808
0.0000000000010227720092663925
0.0000000000010227720092663604
0.0000000000010227720092663834
0.000000000001022772009266443
0.0000000000010227720092660672
0.000000000001022772009266324
0.0000000000010227720092664248
0.000000000001022772009266546
0.0000000000010227720092665125
0.0000000000010227720092666494
0.0000000000010227720092663588
0.0000000000010227720092665377
0.0000000000010227720092663188
0.0000000000010227720092665411
0.000000000001022772009266238
0.00000000000102277200926625
0.0000000000010227720092661776
0.0000000000010227720092661597
0.0000000000010227720092660375
0.0000000000010227720092660882
0.0000000000010227720092664581
0.000000000001022772009266727
0.0000000000010227720092665211
0.0000000000010227720092666855
0.0000000000010227720092667302
0.0000000000010227720092661136
0.0000000000010227720092666217
0.000000000001022772009266225
0.0000000000010227720092663967
0.0000000000010227720092664014
0.0000000000010227720092666128
0.0000000000010227720092662954
0.0000000000010227720092661013
0.0000000000010227720092663553
0.0000000000010227720092664555
0.0000000000010227720092664089
0.0000000000010227720092666094
0.00000000000102277200926678
0.0000000000010227720092666906
0.0000000000010227720092664767
0.0000000000010227720092664904
0.0000000000010227720092665066
0.0000000000010227720092666203
0.000000000001022772009266418
0.0000000000010227720092665642
0.000000000001022772009266445
0.0000000000010227720092663444
0.0000000000010227720092663856
0.0000000000010227720092663156
0.0000000000010227720092664492
0.0000000000010227720092665868
0.0000000000010227720092666187
0.0000000000010227720092664753
0.0000000000010227720092665391
0.0000000000010227720092666052
0.0000000000010227720092664115
0.0000000000010227720092664236
0.000000000001022772009266249
0.0000000000010227720092663353
0.0000000000010227720092665345
0.000000000001022772009266085
0.0000000000010227720092663156
0.0000000000010227720092663628
0.0000000000010227720092664446
0.0000000000010227720092664523
0.0000000000010227720092665337
0.0000000000010227720092659288
0.0000000000010227720092662727
0.000000000001022772009266445
0.0000000000010227720092666425
0.0000000000010227720092662925
0.0000000000010227720092665535
0.0000000000010227720092661112
0.000000000001022772009266461
0.0000000000010227720092666764
0.0000000000010227720092665026
0.0000000000010227720092666704
0.000000000001022772009266289
0.0000000000010227720092660682
0.0000000000010227720092662992
0.0000000000010227720092662303
0.0000000000010227720092665876
0.0000000000010227720092664767
0.0000000000010227720092663283
0.000000000001022772009266361
0.000000000001022772009266421
0.000000000001022772009266589
0.000000000001022772009266552
0.0000000000010227720092663648
0.0000000000010227720092662891
0.0000000000010227720092664242
0.0000000000010227720092663212
0.0000000000010227720092664018
0.0000000000010227720092662998
0.0000000000010227720092664161
0.0000000000010227720092661744
0.0000000000010227720092649595
0.0000000000010227720092472367
0.0000000000010227720092455918
0.0000000000010227720092658375
0.000000000001022772009266402
0.0000000000010227720092662558
0.0000000000010227720092663275
0.0000000000010227720092662505
0.0000000000010227720092663909
0.0000000000010227720092666126
0.00000000000102277200926651
0.0000000000010227720092663287
0.0000000000010227720092664194
0.0000000000010227720092662277
0.0000000000010227720092664327
0.0000000000010227720092665787
0.0000000000010227720092668424
0.0000000000010227720092664503
0.0000000000010227720092663856
0.000000000001022772009266501
0.0000000000010227720092665369
0.0000000000010227720092664355
0.0000000000010227720092661712
0.0000000000010227720092661546
0.0000000000010227720092667118
0.0000000000010227720092666041
0.0000000000010227720092669267
0.000000000001022772009266429
0.0000000000010227720092665482
0.0000000000010227720092663725
0.0000000000010227720092664398
0.0000000000010227720092666593
0.0000000000010227720092665736
0.0000000000010227720092664923
0.0000000000010227720092662734
0.0000000000010227720092662778
0.0000000000010227720092666896
0.0000000000010227720092666777
0.0000000000010227720092663673
0.0000000000010227720092665734
0.0000000000010227720092668334
0.0000000000010227720092663206
0.0000000000010227720092663566
0.000000000001022772009266198
0.0000000000010227720092663774
0.0000000000010227720092663287
0.0000000000010227720092665074
0.0000000000010227720092664177
0.0000000000010227720092664054
0.0000000000010227720092665563
0.0000000000010227720092661566
0.000000000001022772009266438
0.0000000000010227720092665841
0.0000000000010227720092663444
0.0000000000010227720092663305
0.000000000001022772009266803
0.0000000000010227720092665528
0.0000000000010227720092666538
0.0000000000010227720092667065
0.0000000000010227720092663917
0.0000000000010227720092668014
0.0000000000010227720092665296
0.0000000000010227720092662998
0.000000000001022772009266256
0.0000000000010227720092661189
0.0000000000010227720092662152
0.0000000000010227720092665082
0.0000000000010227720092664509
0.000000000001022772009266413
0.0000000000010227720092664892
0.000000000001022772009266343
0.0000000000010227720092663725
0.0000000000010227720092663125
0.0000000000010227720092663955
0.000000000001022772009266412
0.0000000000010227720092664418
0.0000000000010227720092664319
0.0000000000010227720092664616
0.0000000000010227720092661578
0.0000000000010227720092663531
0.0000000000010227720092662933
0.0000000000010227720092663442
0.0000000000010227720092666213
0.0000000000010227720092667893
0.0000000000010227720092662235
0.0000000000010227720092664826
0.000000000001022772009266312
0.0000000000010227720092664262
0.000000000001022772009266684
0.0000000000010227720092662691
0.0000000000010227720092663521
0.0000000000010227720092662429
0.0000000000010227720092667154
0.000000000001022772009266516
0.0000000000010227720092665312
0.0000000000010227720092664494
0.0000000000010227720092665575
0.0000000000010227720092662618
0.0000000000010227720092664692
0.0000000000010227720092666211
0.0000000000010227720092661584
0.0000000000010227720092652747
0.0000000000010227720092460872
0.0000000000010227720092458174
0.0000000000010227720092659775
0.0000000000010227720092665436
0.0000000000010227720092665579
0.0000000000010227720092664692
0.0000000000010227720092667223
0.000000000001022772009266301
0.0000000000010227720092666407
0.0000000000010227720092665385
0.0000000000010227720092665817
0.000000000001022772009266242
0.0000000000010227720092665165
0.0000000000010227720092661976
0.0000000000010227720092665668
0.0000000000010227720092664642
0.0000000000010227720092665153
0.0000000000010227720092663828
0.0000000000010227720092663897
0.0000000000010227720092664402
0.0000000000010227720092666094
0.000000000001022772009266248
0.0000000000010227720092663915
0.0000000000010227720092665773
0.0000000000010227720092662584
0.0000000000010227720092663664
0.000000000001022772009266207
0.0000000000010227720092665456
0.0000000000010227720092662552
0.0000000000010227720092665993
0.000000000001022772009266631
0.0000000000010227720092663572
0.0000000000010227720092665472
0.0000000000010227720092667845
0.000000000001022772009266335
0.0000000000010227720092666276
0.0000000000010227720092663353
0.0000000000010227720092662116
0.0000000000010227720092665129
0.0000000000010227720092663489
0.0000000000010227720092661368
0.0000000000010227720092665217
0.000000000001022772009266386
0.0000000000010227720092664145
0.0000000000010227720092661853
0.0000000000010227720092664488
0.0000000000010227720092664351
0.0000000000010227720092664939
0.000000000001022772009266453
0.000000000001022772009266415
0.0000000000010227720092666972
0.000000000001022772009266438
0.000000000001022772009266552
0.0000000000010227720092669162
0.000000000001022772009266702
0.0000000000010227720092663422
0.0000000000010227720092665957
0.000000000001022772009266723
0.0000000000010227720092663448
0.0000000000010227720092663521
0.0000000000010227720092661706
0.0000000000010227720092665856
0.0000000000010227720092665207
0.0000000000010227720092662174
0.0000000000010227720092663337
0.0000000000010227720092663925
0.0000000000010227720092665262
0.0000000000010227720092665335
0.0000000000010227720092662429
0.0000000000010227720092662612
0.000000000001022772009266545
0.000000000001022772009266432
0.0000000000010227720092668758
0.0000000000010227720092664042
0.0000000000010227720092660348
0.000000000001022772009266236
0.000000000001022772009266463
0.0000000000010227720092667332
0.0000000000010227720092665684
0.0000000000010227720092665864
0.0000000000010227720092663228
0.000000000001022772009266487
0.0000000000010227720092665565
0.0000000000010227720092665482
0.0000000000010227720092665062
0.0000000000010227720092662324
0.0000000000010227720092663404
0.0000000000010227720092663162
0.0000000000010227720092666453
0.0000000000010227720092664424
0.0000000000010227720092663121
0.0000000000010227720092663673
0.0000000000010227720092662324
0.0000000000010227720092664258
0.0000000000010227720092662966
0.0000000000010227720092663505
0.0000000000010227720092665232
0.000000000001022772009266198
0.0000000000010227720092662225
0.0000000000010227720092659102
0.000000000001022772009265823
0.0000000000010227720092453778
0.0000000000010227720092485265
0.0000000000010227720092637773
0.0000000000010227720092655625
0.000000000001022772009265772
0.0000000000010227720092662154
0.0000000000010227720092657006
0.0000000000010227720092660585
0.000000000001022772009264614
0.0000000000010227720092654773
0.0000000000010227720092661334
0.0000000000010227720092651323
0.000000000001022772009265428
0.0000000000010227720092658509
0.0000000000010227720092652626
0.000000000001022772009265719
0.0000000000010227720092659739
0.0000000000010227720092662255
0.0000000000010227720092655986
0.0000000000010227720092660567
0.0000000000010227720092655944
0.0000000000010227720092653406
0.0000000000010227720092653826
0.0000000000010227720092656697
0.0000000000010227720092651733
0.0000000000010227720092657533
0.0000000000010227720092655867
0.0000000000010227720092658503
0.000000000001022772009265464
0.0000000000010227720092656588
0.000000000001022772009265673
0.0000000000010227720092656007
0.000000000001022772009266155
0.000000000001022772009265205
0.0000000000010227720092659735
0.0000000000010227720092659486
0.0000000000010227720092658995
0.0000000000010227720092662863
0.0000000000010227720092652117
0.0000000000010227720092656762
0.0000000000010227720092660898
0.0000000000010227720092659575
0.000000000001022772009266273
0.000000000001022772009265192
0.0000000000010227720092658016
0.0000000000010227720092658767
0.0000000000010227720092657069
0.0000000000010227720092656192
0.0000000000010227720092658224
0.0000000000010227720092656921
0.0000000000010227720092657933
0.0000000000010227720092661817
0.0000000000010227720092659979
0.0000000000010227720092653266
0.0000000000010227720092659523
0.0000000000010227720092660003
0.0000000000010227720092661764
0.0000000000010227720092666207
0.0000000000010227720092658079
0.0000000000010227720092663337
0.0000000000010227720092652361
0.0000000000010227720092655829
0.000000000001022772009266047
0.0000000000010227720092659302
0.0000000000010227720092656358
0.0000000000010227720092659862
0.00000000000102277200926589
0.0000000000010227720092661772
0.0000000000010227720092651897
0.0000000000010227720092653674
0.0000000000010227720092657717
0.0000000000010227720092660373
0.0000000000010227720092665837
0.0000000000010227720092657148
0.0000000000010227720092656639
0.0000000000010227720092658781
0.000000000001022772009264942
0.000000000001022772009266183
0.0000000000010227720092660728
0.0000000000010227720092655162
0.000000000001022772009265901
0.0000000000010227720092654987
0.0000000000010227720092659288
0.000000000001022772009265957
0.000000000001022772009265527
0.000000000001022772009265309
0.0000000000010227720092659704
0.0000000000010227720092660813
0.0000000000010227720092658955
0.0000000000010227720092653884
0.0000000000010227720092659444
0.0000000000010227720092662992
0.0000000000010227720092658618
0.0000000000010227720092657372
0.000000000001022772009265142
0.000000000001022772009266477
0.0000000000010227720092660825
0.0000000000010227720092660631
0.0000000000010227720092613971
0.0000000000010227720092668507
0.000000000001022772009270998
0.000000000001022772009240792
0.000000000001022772009240759
0.0000000000010227720092503717
0.0000000000010227720092481867
0.0000000000010227720092479603
0.0000000000010227720092481879
0.0000000000010227720092471256
0.0000000000010227720092483365
0.000000000001022772009248181
0.0000000000010227720092474209
0.0000000000010227720092475687
0.0000000000010227720092480762
0.0000000000010227720092470905
0.0000000000010227720092477549
0.0000000000010227720092472722
0.0000000000010227720092474629
0.0000000000010227720092470505
0.0000000000010227720092476757
0.0000000000010227720092478195
0.0000000000010227720092479336
0.000000000001022772009248222
0.0000000000010227720092474903
0.000000000001022772009248058
0.0000000000010227720092488868
0.000000000001022772009247248
0.0000000000010227720092476477
0.0000000000010227720092474239
0.000000000001022772009247385
0.000000000001022772009248516
0.0000000000010227720092473276
0.0000000000010227720092472938
0.0000000000010227720092479189
0.000000000001022772009248616
0.0000000000010227720092472997
0.0000000000010227720092468746
0.0000000000010227720092476703
0.0000000000010227720092474051
0.0000000000010227720092475255
0.0000000000010227720092469457
0.0000000000010227720092467661
0.0000000000010227720092475624
0.0000000000010227720092473706
0.0000000000010227720092490938
0.000000000001022772009246994
0.000000000001022772009247633
0.0000000000010227720092472278
0.0000000000010227720092470604
0.0000000000010227720092465585
0.000000000001022772009246888
0.0000000000010227720092477811
0.0000000000010227720092470493
0.000000000001022772009246527
0.0000000000010227720092462233
0.0000000000010227720092463103
0.0000000000010227720092480233
0.0000000000010227720092468467
0.0000000000010227720092474128
0.0000000000010227720092469049
0.0000000000010227720092475426
0.0000000000010227720092483757
0.000000000001022772009247399
0.0000000000010227720092476848
0.0000000000010227720092470699
0.0000000000010227720092487355
0.000000000001022772009247612
0.0000000000010227720092486756
0.0000000000010227720092472894
0.0000000000010227720092466591
0.0000000000010227720092469437
0.0000000000010227720092475445
0.0000000000010227720092476363
0.0000000000010227720092470147
0.0000000000010227720092471357
0.0000000000010227720092477981
0.000000000001022772009247455
0.0000000000010227720092479437
0.0000000000010227720092468532
0.0000000000010227720092467035
0.0000000000010227720092479108
0.0000000000010227720092477212
0.0000000000010227720092471896
0.0000000000010227720092474711
0.0000000000010227720092467548
0.0000000000010227720092481925
0.0000000000010227720092474471
0.0000000000010227720092473274
0.0000000000010227720092471943
0.0000000000010227720092474067
0.0000000000010227720092482771
0.0000000000010227720092477375
0.000000000001022772009247727
0.0000000000010227720092470218
0.0000000000010227720092470368
0.000000000001022772009248213
0.0000000000010227720092476826
0.0000000000010227720092480883
0.0000000000010227720092477846
0.00000000000102277200925377
0.0000000000010227720092445084
0.0000000000010227720092416189
0.0000000000010227720092407909
0.0000000000010227720092407814
